# AM 1.5 direct solar spectrum according ASTM 891/87
# intensity = 1000 W/m2
# integration has to be performed according to Sum(y_i)
# 1. column x_i: wavelength in um
# 2. column y_i: intensity in W/m2

+1.1100000e+00 +6.0523559e+00 
+1.1250000e+00 +1.7441422e+00 
+1.1335000e+00 +1.3148851e+00 
+1.1490000e+00 +6.5792485e+00 
+1.1705000e+00 +8.7763072e+00 
+1.1900000e+00 +1.0193716e+01 
+1.2175000e+00 +1.8222245e+01 
+1.2625000e+00 +2.8294405e+01 
+1.3050000e+00 +1.1518769e+01 
+1.3350000e+00 +4.9567270e+00 
+1.3725000e+00 +9.2388698e-01 
+1.4187500e+00 +1.6408363e+00 
+1.4525000e+00 +1.9370667e+00 
+1.4697500e+00 +1.8362702e+00 
+1.4870000e+00 +3.4465710e+00 
+1.5085000e+00 +6.0922444e+00 
+1.5295000e+00 +6.0444695e+00 
+1.5489000e+00 +6.4280243e+00 
+1.5684000e+00 +5.9016141e+00 
+1.5850000e+00 +4.1025144e+00 
+1.6010000e+00 +5.1362250e+00 
+1.6200000e+00 +5.6730246e+00 
+1.6380000e+00 +4.5947328e+00 
+1.6620000e+00 +8.7327036e+00 
+1.7090000e+00 +1.4587964e+01 
+1.7700000e+00 +7.3050619e+00 
+1.8300000e+00 +1.1888324e+00 
+1.8900000e+00 +1.1340835e-01 
+1.9404000e+00 +5.5311989e-01 
+1.9729000e+00 +1.6498438e+00 
+1.9950000e+00 +1.4325951e+00 
+2.0200000e+00 +2.2974967e+00 
+2.0500000e+00 +2.9095108e+00 
+2.0825000e+00 +3.1708714e+00 
+2.1240000e+00 +4.9711963e+00 
+2.1730000e+00 +4.6471352e+00 
+2.2340000e+00 +6.1662857e+00 
+2.3150000e+00 +7.1916536e+00 
+2.4050000e+00 +4.5402446e+00 
+2.4720000e+00 +1.0553494e+00 
+2.5155000e+00 +5.6052403e-01 
+2.7394000e+00 +1.8468615e+00 
+2.9574000e+00 +2.2368819e-01 
+2.9890000e+00 +2.7113720e-01 
+3.0305000e+00 +2.9916340e-01 
+3.0940000e+00 +3.9627745e-01 
+3.1440000e+00 +3.5977821e-01 
+3.1800000e+00 +6.0067319e-01 
+3.2245000e+00 +1.1223516e-01 
+3.2810000e+00 +7.0391389e-01 
+3.3305000e+00 +2.6396771e-01 
+3.3970000e+00 +1.0501352e+00 
+3.5115000e+00 +1.8598969e+00 
+3.6690000e+00 +2.5028050e+00 
+3.9050000e+00 +2.9016895e+00 

