 
um	n	k	   
0.206667	1.317272	2.585617	   ;
0.207358	1.322067	2.597646	   ;
0.208054	1.326521	2.610757	   ;
0.208754	1.330713	2.624961	   ;
0.209459	1.33473	2.640267	   ;
0.210169	1.338659	2.656704	   ;
0.210884	1.342582	2.674292	   ;
0.211604	1.346559	2.693061	   ;
0.212329	1.350684	2.713054	   ;
0.213058	1.355042	2.734285	   ;
0.213793	1.359736	2.7568	   ;
0.214533	1.364874	2.780653	  ; 
0.215278	1.370567	2.805827	   ;
0.216028	1.376943	2.832351	   ;
0.216783	1.384116	2.860227	   ;
0.217544	1.392195	2.889421	   ;
0.21831	1.401277	2.919958	   ;
0.219081	1.411468	2.951796	   ;
0.219858	1.422844	2.984938	   ;
0.220641	1.43548	3.019436	   ;
0.221429	1.449444	3.055301	   ;
0.222222	1.464964	3.092694	   ;
0.223022	1.482108	3.131639	   ;
0.223827	1.501147	3.172296	   ;
0.224638	1.522482	3.214759	   ;
0.225455	1.546484	3.259044	   ;
0.226277	1.573684	3.305189	   ;
0.227106	1.604609	3.352949	   ;
0.227941	1.639809	3.401908	   ;
0.228782	1.679929	3.451803	   ;
0.22963	1.725456	3.501804	   ;
0.230483	1.77667	3.551147	   ;
0.231343	1.833883	3.598969	   ;
0.23221	1.896942	3.644195	   ;
0.233083	1.965812	3.685822	   ;
0.233962	2.039846	3.722924	   ;
0.234848	2.118372	3.754566	   ;
0.235741	2.200638	3.78015	   ;
0.236641	2.285553	3.799018	   ;
0.237548	2.372067	3.811058	   ;
0.238462	2.459032	3.816204	   ;
0.239382	2.545489	3.814689	   ;
0.24031	2.630406	3.806931	   ;
0.241245	2.71301	3.793538	   ;
0.242188	2.792757	3.775303	   ;
0.243137	2.869274	3.753039	   ;
0.244094	2.942395	3.727527	   ;
0.245059	3.012195	3.69955	   ;
0.246032	3.078938	3.669749	   ;
0.247012	3.142908	3.63859	   ;
0.248	3.204485	3.606375	   ;
0.248996	3.263993	3.573338	 ;  
0.25	3.321778	3.539695	   ;
0.251012	3.378176	3.505633	;   
0.252033	3.433501	3.471292	 ;  
0.253061	3.488543	3.436908	  ; 
0.254098	3.544173	3.402237	   ;
0.255144	3.601424	3.366682	   ;
0.256198	3.660902	3.328889	   ;
0.257261	3.722838	3.287206	   ;
0.258333	3.786638	3.23977	   ;
0.259414	3.850922	3.184896	   ;
0.260504	3.913525	3.121383	   ;
0.261603	3.971858	3.048951	   ;
0.262712	4.02323	2.968182	   ;
0.26383	4.065158	2.880682	   ;
0.264957	4.095821	2.788859	   ;
0.266094	4.114574	2.695684	   ;
0.267241	4.121349	2.603879	   ;
0.268398	4.117393	2.516193	   ;
0.269565	4.104259	2.434389	   ;
0.270742	4.083881	2.359766	   ;
0.27193	4.058383	2.292877	   ;
0.273128	4.029555	2.233824	   ;
0.274336	3.998835	2.182038	   ;
0.275556	3.967406	2.136948	   ;
0.276786	3.936178	2.097807	   ;
0.278027	3.90569	2.063925	   ;
0.279279	3.876253	2.034741	   ;
0.280543	3.848183	2.009516	   ;
0.281818	3.821549	1.987897	   ;
0.283105	3.796395	1.969325	   ;
0.284404	3.772772	1.953595	   ;
0.285714	3.750681	1.940344	   ;
0.287037	3.730215	1.929396	   ;
0.288372	3.711239	1.920473	   ;
0.28972	3.693741	1.913376	   ;
0.29108	3.677739	1.908016	   ;
0.292453	3.663239	1.904286	   ;
0.293839	3.65018	1.902126	   ;
0.295238	3.638623	1.901269	   ;
0.296651	3.628426	1.901804	   ;
0.298077	3.61975	1.903696	   ;
0.299517	3.612501	1.906721	   ;
0.300971	3.606859	1.911023	   ;
0.302439	3.602637	1.91656	   ;
0.303922	3.600044	1.923249	   ;
0.305419	3.599051	1.931033	   ;
0.306931	3.599798	1.940055	   ;
0.308458	3.602271	1.950304	   ;
0.31	3.606615	1.961782	   ;
0.311558	3.612927	1.974546	;   
0.313131	3.62122	1.988653	  ; 
0.314721	3.631672	2.004479	  ; 
0.316327	3.644446	2.022327	   ;
0.317949	3.660002	2.042771	   ;
0.319588	3.679176	2.066774	   ;
0.321244	3.703549	2.095169	   ;
0.322917	3.73574	2.12875	   ;
0.324607	3.780194	2.167283	   ;
0.326316	3.842344	2.207816	   ;
0.328042	3.927482	2.243567	   ;
0.329787	4.037049	2.263106	   ;
0.331551	4.165965	2.253487	   ;
0.333333	4.301065	2.205109	   ;
0.335135	4.424788	2.116262	   ;
0.336957	4.520744	1.995101	   ;
0.338798	4.579398	1.85669	   ;
0.340659	4.600122	1.717516	   ;
0.342541	4.589498	1.590562	   ;
0.344444	4.557878	1.483034	   ;
0.346369	4.51519	1.396158	   ;
0.348315	4.468697	1.327622	   ;
0.350282	4.422786	1.273928	   ;
0.352273	4.379688	1.231666	   ;
0.354286	4.34024	1.198131	   ;
0.356322	4.304784	1.171259	   ;
0.358382	4.273101	1.14947	   ;
0.360465	4.244936	1.131922	   ;
0.362573	4.220047	1.118061	   ;
0.364706	4.198476	1.107662	   ;
0.366864	4.180878	1.100708	   ;
0.369048	4.168262	1.096632	   ;
0.371257	4.161602	1.094159	   ;
0.373494	4.161367	1.091123	   ;
0.375758	4.166618	1.085251	   ;
0.378049	4.17537	1.075281	   ;
0.380368	4.18547	1.061529	   ;
0.382716	4.196077	1.045315	   ;
0.385093	4.207892	1.027634	   ;
0.3875	4.222388	1.008052	   ;
0.389937	4.240217	0.984481	  ; 
0.392405	4.260142	0.954196	   ;
0.394904	4.279005	0.915443	   ;
0.397436	4.292724	0.868814	   ;
0.4	4.298246	0.817079	   ;
0.402597	4.294614	0.763923;	   
0.405229	4.2825	0.712893	  ; 
0.407895	4.264214	0.666315	 ;  
0.410596	4.242152	0.624961	  ; 
0.413333	4.218472	0.588528	   ;
0.416107	4.194202	0.55613	   ;
0.418919	4.17018	0.526991	   ;
0.421769	4.14652	0.500488	   ;
0.424658	4.123524	0.476128	   ;
0.427586	4.101244	0.45351	   ;
0.430556	4.079663	0.432208	   ;
0.433566	4.058766	0.411851	   ;
0.43662	4.038215	0.392363	   ;
0.439716	4.018218	0.373931	   ;
0.442857	3.999552	0.356587	   ;
0.446043	3.984107	0.337768	   ;
0.449275	3.966821	0.312109	   ;
0.452555	3.938867	0.287201	   ;
0.455882	3.908379	0.27223	   ;
0.459259	3.881984	0.261926	   ;
0.462687	3.858333	0.252827	   ;
0.466165	3.836237	0.244424	   ;
0.469697	3.815344	0.236606	   ;
0.473282	3.795452	0.229292	   ;
0.476923	3.776328	0.22243	   ;
0.48062	3.757979	0.215983	   ;
0.484375	3.740246	0.209912	   ;
0.488189	3.723217	0.204187	   ;
0.492063	3.706731	0.198786	   ;
0.496	3.69074	0.193679	   ;
0.5	3.675215	0.188846	   ;
0.504065	3.660242	0.184252;	   
0.508197	3.64569	0.179894	 ;  
0.512397	3.631663	0.175733	 ;  
0.516667	3.617977	0.171768	  ; 
0.521008	3.604631	0.167988	   ;
0.525424	3.59182	0.164366	   ;
0.529915	3.579182	0.1609	   ;
0.534483	3.56703	0.157586	   ;
0.53913	3.555107	0.154402	   ;
0.54386	3.543533	0.151367	   ;
0.548673	3.532277	0.148493	   ;
0.553571	3.52134	0.14577	   ;
0.558559	3.51067	0.14317	   ;
0.563636	3.500323	0.140668	  ; 
0.568807	3.490332	0.13825	   ;
0.574074	3.480579	0.135915	   ;
0.579439	3.471097	0.133651	   ;
0.584906	3.461944	0.131448	   ;
0.590476	3.452976	0.129314	   ;
0.596154	3.444283	0.127227	   ;
0.601942	3.435834	0.125188	   ;
0.607843	3.427662	0.123191	   ;
0.613861	3.419679	0.121233	   ;
0.62	3.411977	0.119308	   ;
0.626263	3.404465	0.117411	;   
0.632653	3.397146	0.115536	 ;  
0.639175	3.390019	0.11368	   ;
0.645833	3.383085	0.111836	   ;
0.652632	3.376379	0.11001	   ;
0.659574	3.369835	0.108187	   ;
0.666667	3.363577	0.106366	   ;
0.673913	3.357368	0.104553	   ;
0.681319	3.351448	0.102738	   ;
0.688889	3.345726	0.10091	   ;
0.696629	3.340053	0.099078	   ;
0.704545	3.334672	0.097233	   ;
0.712644	3.329456	0.095361	   ;
0.72093	3.324382	0.093463	   ;
0.729412	3.319452	0.091546	   ;
0.738095	3.314781	0.089585	   ;
0.746988	3.310312	0.087584	   ;
0.756098	3.305894	0	   ;
0.765432	3.301795	0	   ;
0.775	3.297842	0	   ;
0.78481	3.294208	0	  ; 
0.794872	3.2908	0	   ;
0.805195	3.287823	0	  ; 
0.815789	3.285387	0	   ;
0.826667	3.283362	0	   ;
0.837838	3.281411	0	   ;
0.849315	3.279016	0	   ;
0.861111	3.275568	0	   ;
0.873239	3.270835	0	   ;
0.885714	3.265569	0	   ;
0.898551	3.260986	0	   ;
0.911765	3.259957	0	   ;
0.925373	3.260509	0	   ;
0.939394	3.246144	0	   ;
0.953846	3.229831	0	   ;
0.96875	3.218564	0	   ;
0.984127	3.209319	0	   ;
1	3.201176	0	   ;
1.016393	3.193828	0	;   
1.033333	3.186989	0	 ;  
1.050847	3.180615	0;	   
1.068966	3.174629	0	;   
1.087719	3.168922	0	  ; 
1.107143	3.163496	0	   ;
1.127273	3.158281	0	   ;
1.148148	3.153351	0	   ;
1.169811	3.148585	0	   ;
1.192308	3.143972	0	   ;
1.215686	3.139514	0	   ;
1.24	3.135284	0	   ;
1.265306	3.131139	0	;   
1.291667	3.127171	0	 ;  
1.319149	3.123352	0	  ; 
1.347826	3.119629	0	   ;
1.377778	3.116065	0	   ;
1.409091	3.112609	0	   ;
1.44186	3.109241	0	   ;
1.47619	3.10597	0	   ;
1.512195	3.102862	0	  ; 
1.55	3.099789	0	   ;
1.589744	3.096872	0	;   
1.631579	3.094032	0	 ;  
1.675676	3.091286	0	  ; 
1.722222	3.08864	0	   ;
1.771429	3.086079	0	   ;
1.823529	3.083612	0	   ;
1.878788	3.081233	0	   ;
1.9375	3.078932	0	   ;
2	3.076717	0	   ;
2.066667	3.074584	0	 ;  
2.137931	3.072531	0	  ; 
2.214286	3.07055	0	;   
2.296296	3.068642	0	;   
2.384615	3.066825	0	 ;  
2.48	3.065074	0	   ;
2.583333	3.063406	0	;   
2.695652	3.061806	0	 ;  
2.818182	3.060297	0	  ; 
2.952381	3.058848	0	   ;
3.1	3.057473	0	   ;
3.263158	3.056176	0;	   
3.444444	3.054947	0	;   
3.647059	3.053786	0	 ;  
3.875	3.052692	0	   ;
4.133333	3.051667	0	 ;  
4.428571	3.05072	0	   ;
4.769231	3.049825	0	   ;
5.166667	3.049015	0	   ;
5.636364	3.04826	0	   ;
6.2	3.04757	0	 ;
10	3.04757	0	 ;
