# AM 1.5 direct solar spectrum according ASTM 891/87
# intensity = 1000 W/m2
# integration has to be performed according to Sum(y_i)
# 1. column x_i: wavelength in um
# 2. column y_i: intensity in W/m2
+3.0750000e-01 +6.1918352e-02 
+3.1250000e-01 +1.8477740e-01 
+3.1750000e-01 +3.6597005e-01 
+3.2250000e-01 +5.5856871e-01 
+3.2750000e-01 +8.2318819e-01 
+3.3250000e-01 +1.0037291e+00 
+3.3750000e-01 +1.0917183e+00 
+3.4250000e-01 +1.1930689e+00 
+3.4750000e-01 +1.2993077e+00 
+3.5500000e-01 +2.9492689e+00 
+3.6500000e-01 +3.6792536e+00 
+3.7500000e-01 +4.4737638e+00 
+3.8500000e-01 +4.8498364e+00 
+3.9500000e-01 +6.1116672e+00 
+4.0500000e-01 +7.9014334e+00 
+4.1500000e-01 +8.7800223e+00 
+4.2500000e-01 +8.6848635e+00 
+4.3500000e-01 +9.3868221e+00 
+4.4500000e-01 +1.1439253e+01 
+4.5500000e-01 +1.2687396e+01 
+4.6500000e-01 +1.2957230e+01 
+4.7500000e-01 +1.3322874e+01 
+4.8500000e-01 +1.3369150e+01 
+4.9500000e-01 +1.3242706e+01 
+5.0500000e-01 +1.3644198e+01 
+5.1500000e-01 +1.3545128e+01 
+5.2500000e-01 +1.3663751e+01 
+5.3500000e-01 +1.4125857e+01 
+5.4500000e-01 +1.4238614e+01 
+5.6000000e-01 +2.8542405e+01 
+5.8000000e-01 +2.7526944e+01 
+6.0000000e-01 +2.7545193e+01 
+6.2000000e-01 +2.8037933e+01 
+6.4000000e-01 +2.7684673e+01 
+6.6000000e-01 +2.7477409e+01 
+6.8000000e-01 +2.4837732e+01 
+7.0000000e-01 +2.4266780e+01 
+7.1400000e-01 +9.4861522e+00 
+7.2120000e-01 +6.9231756e+00 
+7.3220000e-01 +1.8442075e+01 
+7.4625000e-01 +1.5702005e+01 
+7.5500000e-01 +6.1869469e+00 
+7.6000000e-01 +4.7807485e+00 
+7.6500000e-01 +4.4173856e+00 
+7.7375000e-01 +1.4172785e+01 
+7.9000000e-01 +2.3233069e+01 
+8.0800000e-01 +1.6533112e+01 
+8.1985000e-01 +6.8865851e+00 
+8.2760000e-01 +7.2480058e+00 
+8.3575000e-01 +8.6718607e+00 
+8.5000000e-01 +2.1052240e+01 
+8.7000000e-01 +2.0771978e+01 
+8.9250000e-01 +2.2953785e+01 
+9.1000000e-01 +7.7925875e+00 
+9.2000000e-01 +7.5058078e+00 
+9.2750000e-01 +3.0454052e+00 
+9.3350000e-01 +2.6110643e+00 
+9.4250000e-01 +3.5532009e+00 
+9.5650000e-01 +8.0064991e+00 
+9.7250000e-01 +9.7853808e+00 
+9.8675000e-01 +1.0380970e+01 
+1.0167500e+00 +3.6762881e+01 
+1.0550000e+00 +2.1950382e+01 
+1.0850000e+00 +1.7713211e+01 
+1.1100000e+00 +6.0523559e+00 
+1.1250000e+00 +1.7441422e+00 
+1.1335000e+00 +1.3148851e+00 
+1.1490000e+00 +6.5792485e+00 
+1.1705000e+00 +8.7763072e+00 
+1.1900000e+00 +1.0193716e+01 
+1.2175000e+00 +1.8222245e+01 
+1.2625000e+00 +2.8294405e+01 
+1.3050000e+00 +1.1518769e+01 
+1.3350000e+00 +4.9567270e+00 
+1.3725000e+00 +9.2388698e-01 
+1.4187500e+00 +1.6408363e+00 
+1.4525000e+00 +1.9370667e+00 
+1.4697500e+00 +1.8362702e+00 
+1.4870000e+00 +3.4465710e+00 
+1.5085000e+00 +6.0922444e+00 
+1.5295000e+00 +6.0444695e+00 
+1.5489000e+00 +6.4280243e+00 
+1.5684000e+00 +5.9016141e+00 
+1.5850000e+00 +4.1025144e+00 
+1.6010000e+00 +5.1362250e+00 
+1.6200000e+00 +5.6730246e+00 
+1.6380000e+00 +4.5947328e+00 
+1.6620000e+00 +8.7327036e+00 
+1.7090000e+00 +1.4587964e+01 
+1.7700000e+00 +7.3050619e+00 
+1.8300000e+00 +1.1888324e+00 
+1.8900000e+00 +1.1340835e-01 
+1.9404000e+00 +5.5311989e-01 
+1.9729000e+00 +1.6498438e+00 
+1.9950000e+00 +1.4325951e+00 
+2.0200000e+00 +2.2974967e+00 
+2.0500000e+00 +2.9095108e+00 
+2.0825000e+00 +3.1708714e+00 
+2.1240000e+00 +4.9711963e+00 
+2.1730000e+00 +4.6471352e+00 
+2.2340000e+00 +6.1662857e+00 
+2.3150000e+00 +7.1916536e+00 
+2.4050000e+00 +4.5402446e+00 
+2.4720000e+00 +1.0553494e+00 
+2.5155000e+00 +5.6052403e-01 
+2.7394000e+00 +1.8468615e+00 
+2.9574000e+00 +2.2368819e-01 
+2.9890000e+00 +2.7113720e-01 
+3.0305000e+00 +2.9916340e-01 
+3.0940000e+00 +3.9627745e-01 
+3.1440000e+00 +3.5977821e-01 
+3.1800000e+00 +6.0067319e-01 
+3.2245000e+00 +1.1223516e-01 
+3.2810000e+00 +7.0391389e-01 
+3.3305000e+00 +2.6396771e-01 
+3.3970000e+00 +1.0501352e+00 
+3.5115000e+00 +1.8598969e+00 
+3.6690000e+00 +2.5028050e+00 
+3.9050000e+00 +2.9016895e+00 

