# AM 1.5 direct solar spectrum according ASTM 891/87
# intensity = 1000 W/m2
# integration has to be performed according to Sum(y_i)
# 1. column x_i: wavelength in um
# 2. column y_i: intensity in W/m2
+0.28 4.721438e-22
+0.2805 1.228239e-20
+0.281 5.678121e-20
+0.2815 1.563068e-18
+0.282 1.192211e-17
+0.2825 4.534513e-17
+0.283 1.841510e-16
+0.2835 3.528928e-16
+0.284 7.252466e-15
+0.2845 2.480629e-14
+0.285 7.998172e-14
+0.2855 4.252777e-13
+0.286 1.365663e-12
+0.2865 8.365535e-12
+0.287 2.731227e-11
+0.2875 1.088119e-10
+0.288 6.221233e-10
+0.2885 1.712768e-09
+0.289 5.615247e-09
+0.2895 2.070750e-08
+0.29 6.004766e-08
+0.2905 1.375543e-07
+0.291 3.498190e-07
+0.2915 1.089117e-06
+0.292 2.677634e-06
+0.2925 4.259963e-06
+0.293 8.629307e-06
+0.2935 2.266159e-05
+0.294 4.166051e-05
+0.2945 6.577918e-05
+0.295 1.226542e-04
+0.2955 2.777035e-04
+0.296 4.780819e-04
+0.2965 7.120231e-04
+0.297 9.660640e-04
+0.2975 1.857078e-03
+0.298 2.893002e-03
+0.2985 3.571742e-03
+0.299 4.911258e-03
+0.2995 8.589586e-03
+0.3 1.018459e-02
+0.3005 1.242510e-02
+0.301 1.926140e-02
+0.3015 2.686017e-02
+0.302 2.915058e-02
+0.3025 4.275432e-02
+0.303 7.080311e-02
+0.3035 8.961541e-02
+0.304 9.451160e-02
+0.3045 1.192909e-01
+0.305 1.643007e-01
+0.3055 1.868156e-01
+0.306 1.853985e-01
+0.3065 2.106578e-01
+0.307 2.779330e-01
+0.3075 3.556373e-01
+0.308 3.776133e-01
+0.3085 4.134714e-01
+0.309 4.045293e-01
+0.3095 4.321939e-01
+0.31 5.083712e-01
+0.3105 6.540892e-01
+0.311 8.275616e-01
+0.3115 8.391184e-01
+0.312 9.318925e-01
+0.3125 9.878603e-01
+0.313 1.071153e+00
+0.3135 1.073549e+00
+0.314 1.194506e+00
+0.3145 1.303388e+00
+0.315 1.359775e+00
+0.3155 1.181432e+00
+0.316 1.232330e+00
+0.3165 1.500593e+00
+0.317 1.712368e+00
+0.3175 1.820851e+00
+0.318 1.755881e+00
+0.3185 1.855382e+00
+0.319 2.042906e+00
+0.3195 1.954982e+00
+0.32 2.048595e+00
+0.3205 2.447595e+00
+0.321 2.497395e+00
+0.3215 2.379531e+00
+0.322 2.215859e+00
+0.3225 2.166558e+00
+0.323 2.118355e+00
+0.3235 2.481128e+00
+0.324 2.748193e+00
+0.3245 2.826436e+00
+0.325 2.783821e+00
+0.3255 3.237113e+00
+0.326 3.804376e+00
+0.3265 4.064056e+00
+0.327 3.972639e+00
+0.3275 3.838807e+00
+0.328 3.504577e+00
+0.3285 3.708967e+00
+0.329 4.215053e+00
+0.3295 4.678424e+00
+0.33 4.704472e+00
+0.3305 4.271440e+00
+0.331 4.018148e+00
+0.3315 4.172239e+00
+0.332 4.353575e+00
+0.3325 4.383116e+00
+0.333 4.285811e+00
+0.3335 4.064255e+00
+0.334 4.141401e+00
+0.3345 4.441998e+00
+0.335 4.629522e+00
+0.3355 4.522237e+00
+0.336 4.143596e+00
+0.3365 3.813757e+00
+0.337 3.730524e+00
+0.3375 3.997090e+00
+0.338 4.332418e+00
+0.3385 4.543595e+00
+0.339 4.626229e+00
+0.3395 4.735111e+00
+0.34 5.007964e+00
+0.3405 4.997086e+00
+0.341 4.704472e+00
+0.3415 4.684113e+00
+0.342 4.883613e+00
+0.3425 5.066547e+00
+0.343 5.138602e+00
+0.3435 4.851178e+00
+0.344 4.175931e+00
+0.3445 4.022639e+00
+0.345 4.580620e+00
+0.3455 4.883414e+00
+0.346 4.768244e+00
+0.3465 4.855969e+00
+0.347 4.930519e+00
+0.3475 4.757865e+00
+0.348 4.741598e+00
+0.3485 4.823933e+00
+0.349 4.647087e+00
+0.3495 4.770939e+00
+0.35 5.269240e+00
+0.3505 5.662752e+00
+0.351 5.506166e+00
+0.3515 5.291596e+00
+0.352 5.168742e+00
+0.3525 4.886408e+00
+0.353 5.193592e+00
+0.3535 5.711354e+00
+0.354 6.037700e+00
+0.3545 6.103369e+00
+0.355 6.101772e+00
+0.3555 5.890994e+00
+0.356 5.527623e+00
+0.3565 5.183812e+00
+0.357 4.558165e+00
+0.3575 4.612257e+00
+0.358 4.291999e+00
+0.3585 3.984615e+00
+0.359 4.685909e+00
+0.3595 5.643590e+00
+0.36 5.969737e+00
+0.3605 5.641794e+00
+0.361 5.191995e+00
+0.3615 5.085409e+00
+0.362 5.331316e+00
+0.3625 5.839298e+00
+0.363 6.007062e+00
+0.3635 5.842392e+00
+0.364 6.050674e+00
+0.3645 5.993788e+00
+0.365 6.223428e+00
+0.3655 6.849074e+00
+0.366 7.338494e+00
+0.3665 7.351068e+00
+0.367 7.214043e+00
+0.3675 7.077217e+00
+0.368 6.662548e+00
+0.3685 6.617738e+00
+0.369 6.917637e+00
+0.3695 7.432006e+00
+0.37 7.535599e+00
+0.3705 6.812448e+00
+0.371 6.919932e+00
+0.3715 7.190690e+00
+0.372 6.730911e+00
+0.3725 6.412449e+00
+0.373 6.176223e+00
+0.3735 5.567443e+00
+0.374 5.552872e+00
+0.3745 5.511655e+00
+0.375 5.881214e+00
+0.3755 6.503168e+00
+0.376 6.734504e+00
+0.3765 6.625722e+00
+0.377 7.108255e+00
+0.3775 7.929609e+00
+0.378 8.542381e+00
+0.3785 8.325116e+00
+0.379 7.424022e+00
+0.3795 6.654963e+00
+0.38 6.993685e+00
+0.3805 7.492485e+00
+0.381 7.623023e+00
+0.3815 6.869933e+00
+0.382 5.856064e+00
+0.3825 5.066048e+00
+0.383 4.540800e+00
+0.3835 4.396090e+00
+0.384 5.086606e+00
+0.3845 6.123628e+00
+0.385 6.722029e+00
+0.3855 6.423427e+00
+0.386 6.197580e+00
+0.3865 6.444086e+00
+0.387 6.501671e+00
+0.3875 6.407559e+00
+0.388 6.345484e+00
+0.3885 6.300973e+00
+0.389 6.840591e+00
+0.3895 7.581806e+00
+0.39 7.953960e+00
+0.3905 8.021026e+00
+0.391 8.496772e+00
+0.3915 8.617131e+00
+0.392 7.933401e+00
+0.3925 6.612449e+00
+0.393 4.787905e+00
+0.3935 3.807570e+00
+0.394 4.946787e+00
+0.3945 6.824823e+00
+0.395 8.061046e+00
+0.3955 8.586592e+00
+0.396 7.550369e+00
+0.3965 5.490697e+00
+0.397 4.253376e+00
+0.3975 6.281911e+00
+0.398 8.507850e+00
+0.3985 1.004886e+01
+0.399 1.067161e+01
+0.3995 1.099896e+01
+0.4 1.111872e+01
+0.401 1.157979e+01
+0.402 1.203688e+01
+0.403 1.158977e+01
+0.404 1.177740e+01
+0.405 1.148798e+01
+0.406 1.120455e+01
+0.407 1.100395e+01
+0.408 1.149097e+01
+0.409 1.227440e+01
+0.41 1.046403e+01
+0.411 1.171452e+01
+0.412 1.245304e+01
+0.413 1.194706e+01
+0.414 1.181832e+01
+0.415 1.223348e+01
+0.416 1.259875e+01
+0.417 1.228738e+01
+0.418 1.175345e+01
+0.419 1.223348e+01
+0.42 1.120954e+01
+0.421 1.273149e+01
+0.422 1.255783e+01
+0.423 1.215963e+01
+0.424 1.209277e+01
+0.425 1.246302e+01
+0.426 1.211073e+01
+0.427 1.170055e+01
+0.428 1.181532e+01
+0.429 1.094107e+01
+0.43 8.728708e+00
+0.431 7.923521e+00
+0.432 1.318059e+01
+0.433 1.226342e+01
+0.434 1.132930e+01
+0.435 1.242710e+01
+0.436 1.363168e+01
+0.437 1.391511e+01
+0.438 1.221352e+01
+0.439 1.175145e+01
+0.44 1.347200e+01
+0.441 1.328637e+01
+0.442 1.422150e+01
+0.443 1.442409e+01
+0.444 1.405583e+01
+0.445 1.458976e+01
+0.446 1.308178e+01
+0.447 1.487319e+01
+0.448 1.505084e+01
+0.449 1.501491e+01
+0.45 1.556381e+01
+0.451 1.614065e+01
+0.452 1.545104e+01
+0.453 1.426841e+01
+0.454 1.530433e+01
+0.455 1.519355e+01
+0.456 1.569255e+01
+0.457 1.582229e+01
+0.458 1.548297e+01
+0.459 1.536022e+01
+0.46 1.526042e+01
+0.461 1.579535e+01
+0.462 1.594305e+01
+0.463 1.599894e+01
+0.464 1.551291e+01
+0.465 1.531930e+01
+0.466 1.564165e+01
+0.467 1.494305e+01
+0.468 1.558776e+01
+0.469 1.565064e+01
+0.47 1.504685e+01
+0.471 1.530034e+01
+0.472 1.609375e+01
+0.473 1.546800e+01
+0.474 1.563966e+01
+0.475 1.615263e+01
+0.476 1.559974e+01
+0.477 1.569255e+01
+0.478 1.619754e+01
+0.479 1.588417e+01
+0.48 1.614864e+01
+0.481 1.614465e+01
+0.482 1.620353e+01
+0.483 1.600592e+01
+0.484 1.570253e+01
+0.485 1.565163e+01
+0.486 1.269057e+01
+0.487 1.421252e+01
+0.488 1.538217e+01
+0.489 1.448996e+01
+0.49 1.619155e+01
+0.491 1.556381e+01
+0.492 1.483926e+01
+0.493 1.587119e+01
+0.494 1.549395e+01
+0.495 1.645203e+01
+0.496 1.564465e+01
+0.497 1.591211e+01
+0.498 1.547798e+01
+0.499 1.547599e+01
+0.5 1.542010e+01
+0.501 1.494804e+01
+0.502 1.493607e+01
+0.503 1.562169e+01
+0.504 1.455783e+01
+0.505 1.560373e+01
+0.506 1.623147e+01
+0.507 1.552888e+01
+0.508 1.513467e+01
+0.509 1.586121e+01
+0.51 1.545004e+01
+0.511 1.573746e+01
+0.512 1.615363e+01
+0.513 1.517559e+01
+0.514 1.485523e+01
+0.515 1.528337e+01
+0.516 1.542409e+01
+0.517 1.256881e+01
+0.518 1.437419e+01
+0.519 1.392909e+01
+0.52 1.520553e+01
+0.521 1.531531e+01
+0.522 1.565862e+01
+0.523 1.475942e+01
+0.524 1.587319e+01
+0.525 1.574944e+01
+0.526 1.531032e+01
+0.527 1.339017e+01
+0.528 1.532629e+01
+0.529 1.603886e+01
+0.53 1.541511e+01
+0.531 1.625942e+01
+0.532 1.596600e+01
+0.533 1.425743e+01
+0.534 1.527140e+01
+0.535 1.550393e+01
+0.536 1.616660e+01
+0.537 1.495902e+01
+0.538 1.570652e+01
+0.539 1.532130e+01
+0.54 1.479535e+01
+0.541 1.422250e+01
+0.542 1.547998e+01
+0.543 1.522549e+01
+0.544 1.576042e+01
+0.545 1.540413e+01
+0.546 1.526042e+01
+0.547 1.545902e+01
+0.548 1.501890e+01
+0.549 1.548896e+01
+0.55 1.536820e+01
+0.551 1.535124e+01
+0.552 1.566561e+01
+0.553 1.521950e+01
+0.554 1.551790e+01
+0.555 1.560273e+01
+0.556 1.533527e+01
+0.557 1.495802e+01
+0.558 1.527938e+01
+0.559 1.445403e+01
+0.56 1.471052e+01
+0.561 1.556381e+01
+0.562 1.481731e+01
+0.563 1.537718e+01
+0.564 1.507579e+01
+0.565 1.517060e+01
+0.566 1.434525e+01
+0.567 1.528936e+01
+0.568 1.514964e+01
+0.569 1.477739e+01
+0.57 1.478637e+01
+0.571 1.430234e+01
+0.572 1.510373e+01
+0.573 1.516760e+01
+0.574 1.508876e+01
+0.575 1.474745e+01
+0.576 1.462469e+01
+0.577 1.499295e+01
+0.578 1.453088e+01
+0.579 1.474046e+01
+0.58 1.498996e+01
+0.581 1.505882e+01
+0.582 1.528936e+01
+0.583 1.544804e+01
+0.584 1.541710e+01
+0.585 1.529335e+01
+0.586 1.492309e+01
+0.587 1.525044e+01
+0.588 1.490413e+01
+0.589 1.286821e+01
+0.59 1.368158e+01
+0.591 1.463268e+01
+0.592 1.432529e+01
+0.593 1.453188e+01
+0.594 1.446202e+01
+0.595 1.427938e+01
+0.596 1.471551e+01
+0.597 1.475842e+01
+0.598 1.457779e+01
+0.599 1.457679e+01
+0.6 1.472349e+01
+0.601 1.454984e+01
+0.602 1.433128e+01
+0.603 1.463467e+01
+0.604 1.489116e+01
+0.605 1.486521e+01
+0.606 1.479236e+01
+0.607 1.488118e+01
+0.608 1.483228e+01
+0.609 1.471950e+01
+0.61 1.465663e+01
+0.611 1.458178e+01
+0.612 1.480134e+01
+0.613 1.459176e+01
+0.614 1.414765e+01
+0.615 1.466761e+01
+0.616 1.428138e+01
+0.617 1.409974e+01
+0.618 1.463467e+01
+0.619 1.470353e+01
+0.62 1.470952e+01
+0.621 1.477240e+01
+0.622 1.424046e+01
+0.623 1.413667e+01
+0.624 1.408976e+01
+0.625 1.399795e+01
+0.626 1.398398e+01
+0.627 1.438817e+01
+0.628 1.360374e+01
+0.629 1.408577e+01
+0.63 1.389615e+01
+0.631 1.413268e+01
+0.632 1.361072e+01
+0.633 1.447898e+01
+0.634 1.425543e+01
+0.635 1.442908e+01
+0.636 1.409974e+01
+0.637 1.458078e+01
+0.638 1.467759e+01
+0.639 1.461671e+01
+0.64 1.431132e+01
+0.641 1.431930e+01
+0.642 1.434725e+01
+0.643 1.449595e+01
+0.644 1.443308e+01
+0.645 1.453787e+01
+0.646 1.412170e+01
+0.647 1.405783e+01
+0.648 1.392410e+01
+0.649 1.349196e+01
+0.65 1.356681e+01
+0.651 1.441811e+01
+0.652 1.384326e+01
+0.653 1.428238e+01
+0.654 1.412469e+01
+0.655 1.347200e+01
+0.656 1.182730e+01
+0.657 1.236821e+01
+0.658 1.382729e+01
+0.659 1.387719e+01
+0.66 1.396402e+01
+0.661 1.390513e+01
+0.662 1.379136e+01
+0.663 1.381631e+01
+0.664 1.393907e+01
+0.665 1.418557e+01
+0.666 1.417459e+01
+0.667 1.407380e+01
+0.668 1.412170e+01
+0.669 1.436521e+01
+0.67 1.416761e+01
+0.671 1.414066e+01
+0.672 1.394406e+01
+0.673 1.406581e+01
+0.674 1.404585e+01
+0.675 1.393008e+01
+0.676 1.409176e+01
+0.677 1.396302e+01
+0.678 1.403787e+01
+0.679 1.391911e+01
+0.68 1.394106e+01
+0.681 1.388717e+01
+0.682 1.395304e+01
+0.683 1.380234e+01
+0.684 1.371152e+01
+0.685 1.372050e+01
+0.686 1.341112e+01
+0.687 9.663035e+00
+0.688 1.118359e+01
+0.689 1.125544e+01
+0.69 1.179736e+01
+0.691 1.230833e+01
+0.692 1.266362e+01
+0.693 1.258378e+01
+0.694 1.243907e+01
+0.695 1.268857e+01
+0.696 1.265863e+01
+0.697 1.337619e+01
+0.698 1.316562e+01
+0.699 1.289216e+01
+0.7 1.279735e+01
+0.701 1.263368e+01
+0.702 1.264865e+01
+0.703 1.272151e+01
+0.704 1.305184e+01
+0.705 1.318757e+01
+0.706 1.311771e+01
+0.707 1.306382e+01
+0.708 1.302190e+01
+0.709 1.306881e+01
+0.71 1.314865e+01
+0.711 1.312869e+01
+0.712 1.304486e+01
+0.713 1.289216e+01
+0.714 1.300294e+01
+0.715 1.256183e+01
+0.716 1.269057e+01
+0.717 1.104886e+01
+0.718 1.027541e+01
+0.719 9.213336e+00
+0.72 9.835290e+00
+0.721 1.083928e+01
+0.722 1.238219e+01
+0.723 1.142111e+01
+0.724 1.053389e+01
+0.725 1.035924e+01
+0.726 1.079137e+01
+0.727 1.082830e+01
+0.728 1.037920e+01
+0.729 1.044507e+01
+0.73 1.126243e+01
+0.731 1.068159e+01
+0.732 1.151093e+01
+0.733 1.193808e+01
+0.734 1.233229e+01
+0.735 1.215364e+01
+0.736 1.203488e+01
+0.737 1.201492e+01
+0.738 1.224446e+01
+0.739 1.188119e+01
+0.74 1.217061e+01
+0.741 1.212370e+01
+0.742 1.212869e+01
+0.743 1.238019e+01
+0.744 1.247799e+01
+0.745 1.247201e+01
+0.746 1.244506e+01
+0.747 1.245205e+01
+0.748 1.237620e+01
+0.749 1.233229e+01
+0.75 1.231632e+01
+0.751 1.226143e+01
+0.752 1.230534e+01
+0.753 1.224147e+01
+0.754 1.239516e+01
+0.755 1.235823e+01
+0.756 1.220754e+01
+0.757 1.219656e+01
+0.758 1.227041e+01
+0.759 1.192111e+01
+0.76 2.655079e+00
+0.761 1.536521e+00
+0.762 6.862847e+00
+0.763 3.787610e+00
+0.764 5.377024e+00
+0.765 6.846380e+00
+0.766 8.129808e+00
+0.767 9.722217e+00
+0.768 1.111572e+01
+0.769 1.125544e+01
+0.77 1.158478e+01
+0.771 1.166263e+01
+0.772 1.175444e+01
+0.773 1.174746e+01
+0.774 1.174746e+01
+0.775 1.174746e+01
+0.776 1.177440e+01
+0.777 1.170355e+01
+0.778 1.168957e+01
+0.779 1.174147e+01
+0.78 1.161273e+01
+0.781 1.158379e+01
+0.782 1.163868e+01
+0.783 1.159077e+01
+0.784 1.151293e+01
+0.785 1.156283e+01
+0.786 1.156882e+01
+0.787 1.142710e+01
+0.788 1.128239e+01
+0.789 1.123449e+01
+0.79 1.088818e+01
+0.791 1.103588e+01
+0.792 1.093109e+01
+0.793 1.085325e+01
+0.794 1.095006e+01
+0.795 1.091014e+01
+0.796 1.072052e+01
+0.797 1.089117e+01
+0.798 1.109876e+01
+0.799 1.088319e+01
+0.8 1.070355e+01
+0.801 1.082131e+01
+0.802 1.083429e+01
+0.803 1.063569e+01
+0.804 1.076044e+01
+0.805 1.052391e+01
+0.806 1.095205e+01
+0.807 1.083728e+01
+0.808 1.079936e+01
+0.809 1.052690e+01
+0.81 1.053788e+01
+0.811 1.051193e+01
+0.812 1.024746e+01
+0.813 1.006583e+01
+0.814 9.017529e+00
+0.815 8.934395e+00
+0.816 8.304957e+00
+0.817 8.501263e+00
+0.818 8.209448e+00
+0.819 9.033796e+00
+0.82 8.601562e+00
+0.821 9.956447e+00
+0.822 9.496669e+00
+0.823 6.713646e+00
+0.824 9.331899e+00
+0.825 9.674113e+00
+0.826 9.319424e+00
+0.827 9.826807e+00
+0.828 8.480904e+00
+0.829 9.274414e+00
+0.83 9.141780e+00
+0.831 9.220722e+00
+0.832 8.924715e+00
+0.833 9.545870e+00
+0.834 9.322518e+00
+0.835 1.001194e+01
+0.836 9.703953e+00
+0.837 1.007182e+01
+0.838 9.970120e+00
+0.839 9.992974e+00
+0.84 1.013669e+01
+0.841 1.008080e+01
+0.842 9.950359e+00
+0.843 1.003289e+01
+0.844 9.843374e+00
+0.845 1.014467e+01
+0.846 1.016663e+01
+0.847 9.897166e+00
+0.848 9.901857e+00
+0.849 9.839881e+00
+0.85 8.919326e+00
+0.851 9.729801e+00
+0.852 9.673315e+00
+0.853 9.629303e+00
+0.854 8.494178e+00
+0.855 9.111740e+00
+0.856 9.712237e+00
+0.857 9.896767e+00
+0.858 9.899761e+00
+0.859 9.897266e+00
+0.86 9.861837e+00
+0.861 9.848164e+00
+0.862 9.925010e+00
+0.863 9.984990e+00
+0.864 9.772017e+00
+0.865 9.613135e+00
+0.866 8.473020e+00
+0.867 9.136291e+00
+0.868 9.572816e+00
+0.869 9.476609e+00
+0.87 9.656149e+00
+0.871 9.519623e+00
+0.872 9.649263e+00
+0.873 9.552956e+00
+0.874 9.385392e+00
+0.875 9.250163e+00
+0.876 9.508645e+00
+0.877 9.542377e+00
+0.878 9.504653e+00
+0.879 9.346869e+00
+0.88 9.376909e+00
+0.881 9.067928e+00
+0.882 9.305851e+00
+0.883 9.274115e+00
+0.884 9.311839e+00
+0.885 9.423415e+00
+0.886 9.057050e+00
+0.887 9.087988e+00
+0.888 9.204354e+00
+0.889 9.326809e+00
+0.89 9.220821e+00
+0.891 9.239883e+00
+0.892 9.069924e+00
+0.893 8.715235e+00
+0.894 8.495974e+00
+0.895 8.119429e+00
+0.896 7.610049e+00
+0.897 6.643287e+00
+0.898 7.163644e+00
+0.899 5.476126e+00
+0.9 7.411148e+00
+0.901 5.981313e+00
+0.902 6.665742e+00
+0.903 6.875122e+00
+0.904 8.428809e+00
+0.905 8.154558e+00
+0.906 7.740288e+00
+0.907 6.372629e+00
+0.908 6.508657e+00
+0.909 7.029014e+00
+0.91 6.234207e+00
+0.911 6.667438e+00
+0.912 6.875521e+00
+0.913 6.270833e+00
+0.914 6.252370e+00
+0.915 6.770033e+00
+0.916 5.753071e+00
+0.917 7.287097e+00
+0.918 5.915246e+00
+0.919 7.372925e+00
+0.92 7.426517e+00
+0.921 7.789290e+00
+0.922 6.988595e+00
+0.923 7.435499e+00
+0.924 7.200570e+00
+0.925 7.096778e+00
+0.926 7.019034e+00
+0.927 7.858452e+00
+0.928 5.885006e+00
+0.929 5.501675e+00
+0.93 4.312358e+00
+0.931 4.083916e+00
+0.932 3.002583e+00
+0.933 2.479132e+00
+0.934 1.435124e+00
+0.935 2.503383e+00
+0.936 1.610972e+00
+0.937 1.630532e+00
+0.938 2.001788e+00
+0.939 3.980723e+00
+0.94 4.708664e+00
+0.941 3.712061e+00
+0.942 4.045094e+00
+0.943 2.777833e+00
+0.944 2.852184e+00
+0.945 3.674736e+00
+0.946 1.942208e+00
+0.947 3.703778e+00
+0.948 2.736815e+00
+0.949 4.929721e+00
+0.95 1.469655e+00
+0.951 4.828124e+00
+0.952 2.683722e+00
+0.953 3.429328e+00
+0.954 4.232618e+00
+0.955 3.404877e+00
+0.956 3.275536e+00
+0.957 2.701287e+00
+0.958 4.600880e+00
+0.959 3.731023e+00
+0.96 4.198187e+00
+0.961 4.602776e+00
+0.962 4.408565e+00
+0.963 5.040199e+00
+0.964 4.576828e+00
+0.965 5.027325e+00
+0.966 5.017445e+00
+0.967 5.013952e+00
+0.968 6.507958e+00
+0.969 6.848476e+00
+0.97 6.333408e+00
+0.971 7.125421e+00
+0.972 6.862747e+00
+0.973 6.052670e+00
+0.974 5.741394e+00
+0.975 5.886903e+00
+0.976 5.707662e+00
+0.977 6.373627e+00
+0.978 6.138598e+00
+0.979 6.368737e+00
+0.98 6.034706e+00
+0.981 7.119532e+00
+0.982 6.907956e+00
+0.983 6.673127e+00
+0.984 7.358454e+00
+0.985 6.867937e+00
+0.986 7.493283e+00
+0.987 7.378014e+00
+0.988 7.331508e+00
+0.989 7.475619e+00
+0.99 7.308055e+00
+0.991 7.520728e+00
+0.992 7.495180e+00
+0.993 7.358054e+00
+0.994 7.525918e+00
+0.995 7.502565e+00
+0.996 7.473423e+00
+0.997 7.382306e+00
+0.998 7.373923e+00
+0.999 7.370929e+00
+1 7.338494e+00
+1.001 7.429312e+00
+1.002 7.265939e+00
+1.003 7.329512e+00
+1.004 7.219133e+00
+1.005 6.803765e+00
+1.006 7.110950e+00
+1.007 7.260749e+00
+1.008 7.253963e+00
+1.009 7.182806e+00
+1.01 7.177017e+00
+1.011 7.213344e+00
+1.012 7.173325e+00
+1.013 7.161748e+00
+1.014 7.192386e+00
+1.015 7.067537e+00
+1.016 7.098674e+00
+1.017 7.019633e+00
+1.018 7.127916e+00
+1.019 6.874024e+00
+1.02 6.975621e+00
+1.021 7.003465e+00
+1.022 6.883206e+00
+1.023 6.936898e+00
+1.024 6.891988e+00
+1.025 6.961349e+00
+1.026 6.949673e+00
+1.027 6.916639e+00
+1.028 6.924623e+00
+1.029 6.849074e+00
+1.03 6.891689e+00
+1.031 6.859853e+00
+1.032 6.864943e+00
+1.033 6.747777e+00
+1.034 6.787897e+00
+1.035 6.809753e+00
+1.036 6.806560e+00
+1.037 6.736201e+00
+1.038 6.703766e+00
+1.039 6.750073e+00
+1.04 6.703566e+00
+1.041 6.704165e+00
+1.042 6.706560e+00
+1.043 6.639195e+00
+1.044 6.669933e+00
+1.045 6.631910e+00
+1.046 6.458457e+00
+1.047 6.556261e+00
+1.048 6.614145e+00
+1.049 6.576421e+00
+1.05 6.533207e+00
+1.051 6.538996e+00
+1.052 6.498776e+00
+1.053 6.478916e+00
+1.054 6.451671e+00
+1.055 6.471731e+00
+1.056 6.451172e+00
+1.057 6.435304e+00
+1.058 6.369036e+00
+1.059 6.175125e+00
+1.06 6.345783e+00
+1.061 6.199676e+00
+1.062 6.313947e+00
+1.063 6.211452e+00
+1.064 6.306961e+00
+1.065 6.278717e+00
+1.066 6.158957e+00
+1.067 6.190794e+00
+1.068 6.182011e+00
+1.069 5.850875e+00
+1.07 6.034806e+00
+1.071 6.153768e+00
+1.072 6.141293e+00
+1.073 6.024227e+00
+1.074 6.203368e+00
+1.075 5.913350e+00
+1.076 6.134806e+00
+1.077 6.031313e+00
+1.078 6.020036e+00
+1.079 6.035305e+00
+1.08 5.960256e+00
+1.081 5.796683e+00
+1.082 5.882212e+00
+1.083 5.969437e+00
+1.084 5.773630e+00
+1.085 5.921134e+00
+1.086 5.529918e+00
+1.087 5.658361e+00
+1.088 5.919837e+00
+1.089 5.780316e+00
+1.09 5.546185e+00
+1.091 5.871733e+00
+1.092 5.800775e+00
+1.093 5.095588e+00
+1.094 5.385707e+00
+1.095 5.196287e+00
+1.096 5.022235e+00
+1.097 5.773630e+00
+1.098 5.019042e+00
+1.099 5.067046e+00
+1.1 4.847985e+00
+1.101 4.959661e+00
+1.102 4.678923e+00
+1.103 4.654373e+00
+1.104 4.667147e+00
+1.105 5.054271e+00
+1.106 3.971242e+00
+1.107 4.820739e+00
+1.108 4.148187e+00
+1.109 4.119544e+00
+1.11 4.780320e+00
+1.111 3.308769e+00
+1.112 4.127429e+00
+1.113 2.679630e+00
+1.114 2.992503e+00
+1.115 2.493703e+00
+1.116 2.009573e+00
+1.117 7.945876e-01
+1.118 2.170949e+00
+1.119 1.129437e+00
+1.12 1.416062e+00
+1.121 1.854883e+00
+1.122 8.152263e-01
+1.123 1.279137e+00
+1.124 1.084826e+00
+1.125 1.439914e+00
+1.126 5.148582e-01
+1.127 1.569355e+00
+1.128 9.902555e-01
+1.129 1.056982e+00
+1.13 7.043285e-01
+1.131 2.950088e+00
+1.132 2.336418e+00
+1.133 1.530034e+00
+1.134 4.165652e-01
+1.135 1.543108e-01
+1.136 1.285025e+00
+1.137 2.872743e+00
+1.138 2.028834e+00
+1.139 2.979030e+00
+1.14 2.554780e+00
+1.141 1.929833e+00
+1.142 2.243404e+00
+1.143 3.112063e+00
+1.144 1.130335e+00
+1.145 1.457479e+00
+1.146 1.573247e+00
+1.147 5.905765e-01
+1.148 2.705877e+00
+1.149 2.181029e+00
+1.15 1.213967e+00
+1.151 2.029932e+00
+1.152 2.471248e+00
+1.153 2.376438e+00
+1.154 1.421950e+00
+1.155 3.125337e+00
+1.156 2.803382e+00
+1.157 3.139508e+00
+1.158 3.110866e+00
+1.159 3.362561e+00
+1.16 2.859070e+00
+1.161 3.468349e+00
+1.162 3.493200e+00
+1.163 4.676329e+00
+1.164 4.010762e+00
+1.165 3.878228e+00
+1.166 3.741901e+00
+1.167 4.091401e+00
+1.168 4.187009e+00
+1.169 4.222538e+00
+1.17 4.578125e+00
+1.171 4.474134e+00
+1.172 4.539203e+00
+1.173 4.555072e+00
+1.174 3.362462e+00
+1.175 4.514952e+00
+1.176 4.758364e+00
+1.177 4.714053e+00
+1.178 3.592800e+00
+1.179 4.827426e+00
+1.18 4.398086e+00
+1.181 4.542297e+00
+1.182 3.225336e+00
+1.183 4.378226e+00
+1.184 4.190103e+00
+1.185 4.065952e+00
+1.186 4.761957e+00
+1.187 4.548385e+00
+1.188 3.343699e+00
+1.189 4.148586e+00
+1.19 4.614652e+00
+1.191 4.457068e+00
+1.192 4.724133e+00
+1.193 4.534313e+00
+1.194 4.679622e+00
+1.195 4.460661e+00
+1.196 4.304474e+00
+1.197 4.761957e+00
+1.198 4.330522e+00
+1.199 3.641602e+00
+1.2 4.473535e+00
+1.201 4.362058e+00
+1.202 4.362957e+00
+1.203 4.332218e+00
+1.204 3.617451e+00
+1.205 4.360462e+00
+1.206 4.798983e+00
+1.207 4.290003e+00
+1.208 4.325931e+00
+1.209 4.134514e+00
+1.21 4.524533e+00
+1.211 4.214754e+00
+1.212 4.240402e+00
+1.213 4.686209e+00
+1.214 4.332019e+00
+1.215 4.269444e+00
+1.216 4.654672e+00
+1.217 4.543694e+00
+1.218 4.584213e+00
+1.219 4.457367e+00
+1.22 4.571339e+00
+1.221 4.643794e+00
+1.222 4.504872e+00
+1.223 4.431719e+00
+1.224 4.471838e+00
+1.225 4.614353e+00
+1.226 4.672536e+00
+1.227 4.321739e+00
+1.228 4.656468e+00
+1.229 4.662756e+00
+1.23 4.591099e+00
+1.231 4.710859e+00
+1.232 4.653973e+00
+1.233 4.530621e+00
+1.234 4.692197e+00
+1.235 4.641099e+00
+1.236 4.681418e+00
+1.237 4.624632e+00
+1.238 4.670341e+00
+1.239 4.617946e+00
+1.24 4.598485e+00
+1.241 4.610461e+00
+1.242 4.615451e+00
+1.243 4.566249e+00
+1.244 4.543694e+00
+1.245 4.556369e+00
+1.246 4.585311e+00
+1.247 4.565451e+00
+1.248 4.576828e+00
+1.249 4.587407e+00
+1.25 4.561359e+00
+1.251 4.516748e+00
+1.252 4.500681e+00
+1.253 4.468345e+00
+1.254 4.427427e+00
+1.255 4.497986e+00
+1.256 4.393495e+00
+1.257 4.344494e+00
+1.258 4.440701e+00
+1.259 4.263955e+00
+1.26 4.302378e+00
+1.261 4.106371e+00
+1.262 3.948787e+00
+1.263 3.993896e+00
+1.264 3.707370e+00
+1.265 3.949086e+00
+1.266 3.844995e+00
+1.267 3.874436e+00
+1.268 3.697690e+00
+1.269 2.460270e+00
+1.27 3.866651e+00
+1.271 4.074335e+00
+1.272 4.079724e+00
+1.273 4.054375e+00
+1.274 4.053277e+00
+1.275 4.115053e+00
+1.276 4.160961e+00
+1.277 4.191700e+00
+1.278 4.267747e+00
+1.279 4.237109e+00
+1.28 4.211959e+00
+1.281 4.125233e+00
+1.282 3.723039e+00
+1.283 4.065153e+00
+1.284 4.199384e+00
+1.285 4.231420e+00
+1.286 4.262857e+00
+1.287 4.212857e+00
+1.288 4.190502e+00
+1.289 4.085413e+00
+1.29 4.120243e+00
+1.291 4.170243e+00
+1.292 3.953876e+00
+1.293 4.117449e+00
+1.294 4.034016e+00
+1.295 4.043297e+00
+1.296 3.887909e+00
+1.297 3.705574e+00
+1.298 3.910463e+00
+1.299 4.077030e+00
+1.3 3.524138e+00
+1.301 3.615554e+00
+1.302 3.910264e+00
+1.303 3.455176e+00
+1.304 3.000188e+00
+1.305 3.830524e+00
+1.306 3.837609e+00
+1.307 3.053281e+00
+1.308 3.462661e+00
+1.309 3.833617e+00
+1.31 3.005377e+00
+1.311 3.329927e+00
+1.312 3.327033e+00
+1.313 3.128930e+00
+1.314 2.877533e+00
+1.315 2.852384e+00
+1.316 3.235416e+00
+1.317 3.115457e+00
+1.318 3.326134e+00
+1.319 2.680129e+00
+1.32 2.582026e+00
+1.321 2.980627e+00
+1.322 3.015657e+00
+1.323 2.323244e+00
+1.324 2.619650e+00
+1.325 3.215955e+00
+1.326 2.799490e+00
+1.327 2.657175e+00
+1.328 2.340310e+00
+1.329 1.772348e+00
+1.33 2.287715e+00
+1.331 1.445104e+00
+1.332 1.454984e+00
+1.333 2.026339e+00
+1.334 1.689115e+00
+1.335 2.307077e+00
+1.336 1.831130e+00
+1.337 1.642109e+00
+1.338 1.776839e+00
+1.339 1.764564e+00
+1.34 1.679734e+00
+1.341 1.700492e+00
+1.342 1.776240e+00
+1.343 1.268558e+00
+1.344 7.549371e-01
+1.345 1.088219e+00
+1.346 5.806963e-01
+1.347 5.999876e-01
+1.348 4.735610e-02
+1.349 1.612668e-01
+1.35 1.599295e-01
+1.351 4.620540e-02
+1.352 1.513367e-02
+1.353 9.590381e-04
+1.354 2.895098e-03
+1.355 3.596193e-05
+1.356 4.797386e-04
+1.357 7.164243e-04
+1.358 4.186410e-05
+1.359 7.329212e-06
+1.36 2.136119e-05
+1.361 4.803673e-08
+1.362 1.803985e-10
+1.363 3.149987e-05
+1.364 1.356182e-05
+1.365 9.058247e-11
+1.366 1.276542e-04
+1.367 4.966447e-05
+1.368 1.478038e-12
+1.369 5.156367e-06
+1.37 2.914160e-06
+1.371 1.969154e-07
+1.372 2.744300e-05
+1.373 4.431220e-04
+1.374 1.788117e-03
+1.375 3.226734e-03
+1.376 2.569650e-03
+1.377 1.224546e-03
+1.378 1.106682e-02
+1.379 5.205967e-04
+1.38 8.142383e-04
+1.381 2.366857e-05
+1.382 2.562066e-05
+1.383 4.392897e-07
+1.384 6.156562e-06
+1.385 2.085720e-05
+1.386 2.516457e-05
+1.387 1.985621e-03
+1.388 4.018148e-05
+1.389 5.798180e-03
+1.39 4.922934e-03
+1.391 3.431523e-03
+1.392 2.373444e-04
+1.393 1.156283e-03
+1.394 7.537495e-04
+1.395 6.700173e-06
+1.396 6.308857e-08
+1.397 4.895889e-04
+1.398 1.267859e-02
+1.399 8.106355e-03
+1.4 3.240107e-08
+1.401 1.050694e-07
+1.402 1.831629e-02
+1.403 2.375240e-02
+1.404 7.374422e-03
+1.405 3.637111e-06
+1.406 2.040710e-02
+1.407 1.742209e-03
+1.408 1.646001e-02
+1.409 6.179516e-03
+1.41 4.655969e-03
+1.411 2.109972e-02
+1.412 2.634321e-02
+1.413 2.330629e-01
+1.414 3.630524e-03
+1.415 1.832927e-03
+1.416 3.549387e-01
+1.417 1.173548e-01
+1.418 1.353188e-01
+1.419 2.139912e-02
+1.42 8.255256e-02
+1.421 9.145373e-02
+1.422 4.622137e-01
+1.423 9.201360e-02
+1.424 1.694105e-01
+1.425 2.579830e-01
+1.426 2.773642e-01
+1.427 4.944691e-01
+1.428 4.549682e-02
+1.429 3.794396e-01
+1.43 6.147780e-01
+1.431 5.005569e-01
+1.432 2.514361e-02
+1.433 3.576233e-01
+1.434 2.092008e-01
+1.435 2.137317e-01
+1.436 3.827430e-01
+1.437 2.982024e-01
+1.438 1.323647e-01
+1.439 5.093692e-01
+1.44 3.952180e-01
+1.441 3.173640e-01
+1.442 3.624437e-01
+1.443 4.497287e-01
+1.444 6.166742e-01
+1.445 4.965150e-01
+1.446 2.304881e-01
+1.447 3.614257e-01
+1.448 1.154586e+00
+1.449 1.019257e+00
+1.45 2.735718e-01
+1.451 1.124846e-01
+1.452 6.223628e-01
+1.453 8.181404e-01
+1.454 1.373148e+00
+1.455 6.601770e-01
+1.456 8.833198e-01
+1.457 1.167660e+00
+1.458 1.361571e+00
+1.459 1.627439e+00
+1.46 8.525016e-01
+1.461 9.009545e-01
+1.462 1.303388e+00
+1.463 4.313855e-01
+1.464 1.515363e+00
+1.465 9.319623e-01
+1.466 6.506661e-01
+1.467 3.598189e-01
+1.468 7.678812e-01
+1.469 9.465531e-01
+1.47 4.957864e-01
+1.471 1.781230e-01
+1.472 4.667746e-01
+1.473 7.005760e-01
+1.474 9.714432e-01
+1.475 1.842607e+00
+1.476 6.864044e-01
+1.477 6.959653e-01
+1.478 6.335304e-01
+1.479 1.197700e+00
+1.48 6.051573e-01
+1.481 1.150594e+00
+1.482 5.837302e-01
+1.483 1.482928e+00
+1.484 1.371951e+00
+1.485 1.247799e+00
+1.486 1.231532e+00
+1.487 6.050774e-01
+1.488 9.399164e-01
+1.489 1.893505e+00
+1.49 1.744304e+00
+1.491 1.973844e+00
+1.492 1.640812e+00
+1.493 1.812069e+00
+1.494 2.032627e+00
+1.495 1.821649e+00
+1.496 1.681830e+00
+1.497 2.280430e+00
+1.498 1.893006e+00
+1.499 2.171548e+00
+1.5 2.501088e+00
+1.501 2.649890e+00
+1.502 2.330929e+00
+1.503 1.845601e+00
+1.504 1.599694e+00
+1.505 1.836520e+00
+1.506 2.572145e+00
+1.507 2.546297e+00
+1.508 2.425340e+00
+1.509 1.865262e+00
+1.51 2.699790e+00
+1.511 2.642105e+00
+1.512 2.601586e+00
+1.513 2.419052e+00
+1.514 2.252586e+00
+1.515 2.651985e+00
+1.516 2.563163e+00
+1.517 2.487914e+00
+1.518 2.516058e+00
+1.519 2.438813e+00
+1.52 2.639710e+00
+1.521 2.744999e+00
+1.522 2.632524e+00
+1.523 2.794799e+00
+1.524 2.748392e+00
+1.525 2.583223e+00
+1.526 2.669151e+00
+1.527 2.616756e+00
+1.528 2.787214e+00
+1.529 2.718951e+00
+1.53 2.547096e+00
+1.531 2.691905e+00
+1.532 2.778332e+00
+1.533 2.765857e+00
+1.534 2.683822e+00
+1.535 2.663263e+00
+1.536 2.740907e+00
+1.537 2.728133e+00
+1.538 2.714760e+00
+1.539 2.724041e+00
+1.54 2.643802e+00
+1.541 2.685019e+00
+1.542 2.687315e+00
+1.543 2.715358e+00
+1.544 2.715558e+00
+1.545 2.764959e+00
+1.546 2.742604e+00
+1.547 2.725438e+00
+1.548 2.662165e+00
+1.549 2.728732e+00
+1.55 2.693602e+00
+1.551 2.700388e+00
+1.552 2.712764e+00
+1.553 2.707774e+00
+1.554 2.642105e+00
+1.555 2.670548e+00
+1.556 2.625738e+00
+1.557 2.700788e+00
+1.558 2.679430e+00
+1.559 2.675438e+00
+1.56 2.651486e+00
+1.561 2.694800e+00
+1.562 2.670249e+00
+1.563 2.661367e+00
+1.564 2.621147e+00
+1.565 2.667454e+00
+1.566 2.619251e+00
+1.567 2.625538e+00
+1.568 2.567056e+00
+1.569 2.540110e+00
+1.57 2.412665e+00
+1.571 2.345999e+00
+1.572 2.372745e+00
+1.573 2.336019e+00
+1.574 2.409671e+00
+1.575 2.392605e+00
+1.576 2.462864e+00
+1.577 2.155880e+00
+1.578 2.346897e+00
+1.579 2.362466e+00
+1.58 2.441507e+00
+1.581 2.482026e+00
+1.582 2.414661e+00
+1.583 2.470549e+00
+1.584 2.485419e+00
+1.585 2.582225e+00
+1.586 2.551786e+00
+1.587 2.525239e+00
+1.588 2.505679e+00
+1.589 2.318653e+00
+1.59 2.413064e+00
+1.591 2.414861e+00
+1.592 2.517455e+00
+1.593 2.578133e+00
+1.594 2.557275e+00
+1.595 2.577135e+00
+1.596 2.440310e+00
+1.597 2.464262e+00
+1.598 2.537016e+00
+1.599 2.415360e+00
+1.6 2.376238e+00
+1.601 2.227835e+00
+1.602 2.236817e+00
+1.603 2.235221e+00
+1.604 2.279632e+00
+1.605 2.363563e+00
+1.606 2.409172e+00
+1.607 2.324941e+00
+1.608 2.294402e+00
+1.609 2.268155e+00
+1.61 2.171648e+00
+1.611 2.263464e+00
+1.612 2.302985e+00
+1.613 2.367156e+00
+1.614 2.379032e+00
+1.615 2.405579e+00
+1.616 2.300390e+00
+1.617 2.341807e+00
+1.618 2.430330e+00
+1.619 2.405180e+00
+1.62 2.340210e+00
+1.621 2.338314e+00
+1.622 2.370649e+00
+1.623 2.419751e+00
+1.624 2.422046e+00
+1.625 2.373444e+00
+1.626 2.392306e+00
+1.627 2.402984e+00
+1.628 2.407775e+00
+1.629 2.408873e+00
+1.63 2.360370e+00
+1.631 2.375839e+00
+1.632 2.377336e+00
+1.633 2.322047e+00
+1.634 2.323544e+00
+1.635 2.332027e+00
+1.636 2.349192e+00
+1.637 2.265460e+00
+1.638 2.196299e+00
+1.639 2.198195e+00
+1.64 2.146798e+00
+1.641 2.191608e+00
+1.642 2.203784e+00
+1.643 2.149193e+00
+1.644 2.231029e+00
+1.645 2.177836e+00
+1.646 2.170550e+00
+1.647 2.272246e+00
+1.648 2.161169e+00
+1.649 2.182327e+00
+1.65 2.248095e+00
+1.651 2.081329e+00
+1.652 2.232825e+00
+1.653 2.223245e+00
+1.654 2.153983e+00
+1.655 2.218654e+00
+1.656 2.205680e+00
+1.657 2.217855e+00
+1.658 2.244203e+00
+1.659 2.207576e+00
+1.66 2.228734e+00
+1.661 2.233923e+00
+1.662 2.186418e+00
+1.663 2.219053e+00
+1.664 2.205380e+00
+1.665 2.113564e+00
+1.666 1.784823e+00
+1.667 2.102586e+00
+1.668 2.141608e+00
+1.669 2.147297e+00
+1.67 2.212366e+00
+1.671 2.183524e+00
+1.672 2.110471e+00
+1.673 2.158574e+00
+1.674 2.153185e+00
+1.675 2.131728e+00
+1.676 2.110271e+00
+1.677 2.118654e+00
+1.678 2.087317e+00
+1.679 2.126039e+00
+1.68 2.051688e+00
+1.681 1.940811e+00
+1.682 2.032527e+00
+1.683 2.086419e+00
+1.684 1.975741e+00
+1.685 2.127836e+00
+1.686 2.098395e+00
+1.687 2.044303e+00
+1.688 2.097097e+00
+1.689 2.067656e+00
+1.69 2.048195e+00
+1.691 1.926439e+00
+1.692 2.066658e+00
+1.693 2.109173e+00
+1.694 2.043605e+00
+1.695 2.092606e+00
+1.696 2.088016e+00
+1.697 1.807079e+00
+1.698 2.069752e+00
+1.699 2.050990e+00
+1.7 1.993505e+00
+1.702 2.035521e+00
+1.705 1.973844e+00
+1.71 1.875242e+00
+1.715 1.892707e+00
+1.72 1.866060e+00
+1.725 1.777238e+00
+1.73 1.737219e+00
+1.735 1.612169e+00
+1.74 1.678436e+00
+1.745 1.545004e+00
+1.75 1.653287e+00
+1.755 1.527040e+00
+1.76 1.596600e+00
+1.765 1.325743e+00
+1.77 1.414366e+00
+1.775 1.146103e+00
+1.78 1.002990e+00
+1.785 7.682704e-01
+1.79 8.872619e-01
+1.795 4.683714e-01
+1.8 3.176434e-01
+1.805 1.478537e-01
+1.81 9.671718e-02
+1.815 3.275037e-02
+1.82 9.855749e-03
+1.825 1.271851e-02
+1.83 5.193692e-05
+1.835 6.406162e-05
+1.84 6.257759e-07
+1.845 6.253268e-05
+1.85 2.993301e-05
+1.855 2.833921e-06
+1.86 1.112870e-04
+1.865 1.694804e-04
+1.87 2.660868e-09
+1.875 4.503974e-09
+1.88 7.734999e-04
+1.885 4.380222e-04
+1.89 2.228833e-03
+1.895 1.292111e-03
+1.9 8.604856e-06
+1.905 5.655367e-06
+1.91 2.299891e-04
+1.915 1.990711e-04
+1.92 4.497886e-03
+1.925 9.342777e-03
+1.93 5.513152e-03
+1.935 3.586313e-02
+1.94 3.275536e-02
+1.945 1.084127e-01
+1.95 1.669355e-01
+1.955 1.001593e-01
+1.96 2.186219e-01
+1.965 2.850587e-01
+1.97 4.874931e-01
+1.975 6.772129e-01
+1.98 7.536098e-01
+1.985 8.289687e-01
+1.99 8.544177e-01
+1.995 8.102762e-01
+2 3.807969e-01
+2.005 1.497100e-01
+2.01 3.966850e-01
+2.015 2.659470e-01
+2.02 4.489104e-01
+2.025 7.386198e-01
+2.03 8.468629e-01
+2.035 9.619323e-01
+2.04 8.960144e-01
+2.045 9.089185e-01
+2.05 6.779115e-01
+2.055 5.479619e-01
+2.06 6.905461e-01
+2.065 6.175125e-01
+2.07 6.554465e-01
+2.075 7.728811e-01
+2.08 8.663838e-01
+2.085 8.493180e-01
+2.09 8.892180e-01
+2.095 8.956751e-01
+2.1 8.596073e-01
+2.105 9.296669e-01
+2.11 8.947469e-01
+2.115 9.148965e-01
+2.12 8.741282e-01
+2.125 8.845474e-01
+2.13 8.959445e-01
+2.135 8.986391e-01
+2.14 9.058547e-01
+2.145 8.930703e-01
+2.15 8.446972e-01
+2.155 8.467032e-01
+2.16 8.400166e-01
+2.165 7.615738e-01
+2.17 8.183201e-01
+2.175 8.028710e-01
+2.18 8.164438e-01
+2.185 7.440090e-01
+2.19 7.890986e-01
+2.195 7.883402e-01
+2.2 7.105960e-01
+2.205 7.386198e-01
+2.21 7.915637e-01
+2.215 7.612045e-01
+2.22 7.757454e-01
+2.225 7.530209e-01
+2.23 7.562145e-01
+2.235 7.415040e-01
+2.24 7.297176e-01
+2.245 7.069632e-01
+2.25 7.179313e-01
+2.255 6.755462e-01
+2.26 6.679514e-01
+2.265 6.800073e-01
+2.27 6.473727e-01
+2.275 6.389296e-01
+2.28 6.615542e-01
+2.285 6.295384e-01
+2.29 6.309356e-01
+2.295 6.114247e-01
+2.3 5.870635e-01
+2.305 5.905266e-01
+2.31 6.374226e-01
+2.315 5.802472e-01
+2.32 5.192694e-01
+2.325 5.610257e-01
+2.33 5.671035e-01
+2.335 5.785107e-01
+2.34 4.574433e-01
+2.345 5.129720e-01
+2.35 4.145293e-01
+2.355 4.737805e-01
+2.36 5.013653e-01
+2.365 4.931018e-01
+2.37 3.075537e-01
+2.375 4.405871e-01
+2.38 4.246690e-01
+2.385 3.076435e-01
+2.39 3.703478e-01
+2.395 4.051281e-01
+2.4 4.406170e-01
+2.405 3.353180e-01
+2.41 3.374537e-01
+2.415 2.724540e-01
+2.42 2.653682e-01
+2.425 3.301184e-01
+2.43 4.500880e-01
+2.435 1.484824e-01
+2.44 4.316250e-01
+2.445 2.075640e-01
+2.45 1.358378e-01
+2.455 2.480329e-01
+2.46 3.329627e-01
+2.465 2.409970e-01
+2.47 1.669355e-01
+2.475 1.642209e-01
+2.48 8.023421e-02
+2.485 5.598980e-02
+2.49 3.504277e-02
+2.495 2.871446e-02
+2.5 7.050072e-02
+2.505 1.516062e-02
+2.51 2.211867e-02
+2.515 5.177624e-03
+2.52 3.697989e-03
+2.525 4.131021e-04
+2.53 6.346581e-06
+2.535 1.746700e-06
+2.54 3.764057e-06
+2.545 5.365048e-10
+2.55 2.816556e-12
+2.555 1.041413e-08
+2.56 3.095796e-10
+2.565 1.592309e-13
+2.57 1.522748e-17
+2.575 1.076443e-26
+2.58 3.813757e-21
+2.585 1.715961e-33
+2.59 5.468341e-30
+2.595 2.279232e-32
+2.6 4.482218e-27
+2.605 5.793689e-34
+2.61 5.932811e-33
+2.615 1.117361e-36
+2.62 5.639199e-28
+2.625 3.860963e-27
+2.63 2.796995e-44
+2.635 3.894895e-15
+2.64 1.172650e-15
+2.645 8.980802e-18
+2.65 1.426641e-18
+2.655 1.310673e-26
+2.66 2.601586e-24
+2.665 1.110075e-36
+2.67 1.110075e-36
+2.675 1.110075e-36
+2.68 1.110075e-36
+2.685 1.110075e-36
+2.69 1.020555e-28
+2.695 7.114143e-32
+2.7 1.110075e-36
+2.705 2.925637e-41
+2.71 1.122750e-34
+2.715 3.847989e-25
+2.72 5.593990e-44
+2.725 7.278913e-21
+2.73 6.061253e-18
+2.735 5.477822e-20
+2.74 2.326737e-26
+2.745 1.311971e-22
+2.75 1.661470e-27
+2.755 6.712748e-43
+2.76 1.110075e-36
+2.765 2.672345e-26
+2.77 8.362342e-23
+2.775 3.991002e-37
+2.78 4.797087e-33
+2.785 3.878827e-26
+2.79 1.214566e-15
+2.795 3.613259e-15
+2.8 1.645103e-11
+2.805 6.734304e-13
+2.81 4.015253e-09
+2.815 2.862763e-09
+2.82 2.050690e-10
+2.825 1.756979e-06
+2.83 3.892998e-05
+2.835 2.123345e-09
+2.84 1.956978e-06
+2.845 4.049385e-04
+2.85 1.154287e-05
+2.855 4.477727e-06
+2.86 2.530529e-04
+2.865 1.672947e-03
+2.87 6.300274e-05
+2.875 3.909166e-03
+2.88 2.467455e-03
+2.885 4.524134e-03
+2.89 1.858575e-03
+2.895 2.658971e-02
+2.9 8.098970e-03
+2.905 1.107381e-03
+2.91 2.716556e-02
+2.915 1.255584e-02
+2.92 2.889010e-02
+2.925 1.081333e-02
+2.93 5.874028e-02
+2.935 6.477319e-02
+2.94 1.624045e-02
+2.945 1.446002e-02
+2.95 5.217145e-02
+2.955 2.331428e-02
+2.96 4.587906e-02
+2.965 7.423024e-02
+2.97 3.516253e-03
+2.975 8.525814e-03
+2.98 1.335424e-02
+2.985 6.948874e-02
+2.99 1.025944e-01
+2.995 4.266949e-02
+3 7.831506e-02
+3.005 2.884819e-02
+3.01 6.834204e-02
+3.015 5.543990e-02
+3.02 6.324226e-03
+3.025 7.488094e-02
+3.03 6.063149e-02
+3.035 2.493603e-02
+3.04 2.020152e-02
+3.045 4.200582e-02
+3.05 1.030036e-02
+3.055 2.888911e-03
+3.06 6.288598e-02
+3.065 2.905477e-02
+3.07 1.745702e-02
+3.075 6.010056e-02
+3.08 3.615155e-02
+3.085 1.763566e-02
+3.09 2.375739e-02
+3.095 6.537898e-03
+3.1 4.392198e-02
+3.105 9.197069e-03
+3.11 8.439986e-03
+3.115 2.263165e-02
+3.12 9.800061e-02
+3.125 3.022842e-02
+3.13 5.749877e-02
+3.135 1.142311e-01
+3.14 3.317452e-02
+3.145 3.245197e-02
+3.15 6.661051e-02
+3.155 5.625327e-02
+3.16 9.213536e-02
+3.165 1.398897e-01
+3.17 1.249097e-01
+3.175 9.211740e-02
+3.18 1.059976e-01
+3.185 8.066135e-02
+3.19 4.230322e-02
+3.195 2.687315e-02
+3.2 4.375531e-03
+3.205 3.091105e-03
+3.21 1.360673e-03
+3.215 4.965250e-03
+3.22 1.605682e-02
+3.225 1.983525e-03
+3.23 3.401184e-03
+3.235 7.279412e-02
+3.24 3.738907e-02
+3.245 7.326218e-03
+3.25 2.601487e-02
+3.255 9.917924e-02
+3.26 1.222350e-02
+3.265 2.441607e-02
+3.27 1.216163e-02
+3.275 5.914647e-02
+3.28 2.858671e-02
+3.285 1.110574e-01
+3.29 8.739586e-02
+3.295 1.220953e-02
+3.3 1.775841e-02
+3.305 3.933717e-02
+3.31 3.915653e-02
+3.315 1.610073e-04
+3.32 5.986703e-04
+3.325 3.511663e-02
+3.33 4.652277e-02
+3.335 9.051261e-02
+3.34 3.453280e-02
+3.345 3.533718e-02
+3.35 8.011645e-02
+3.355 3.623538e-02
+3.36 5.229720e-02
+3.365 7.176319e-02
+3.37 3.931022e-02
+3.375 8.439088e-02
+3.38 5.101277e-02
+3.385 7.474621e-02
+3.39 9.835490e-02
+3.395 9.527407e-02
+3.4 1.248398e-01
+3.405 4.450481e-02
+3.41 7.066040e-02
+3.415 7.262845e-02
+3.42 1.313867e-01
+3.425 9.985988e-02
+3.43 8.671822e-02
+3.435 1.152989e-01
+3.44 8.018730e-02
+3.445 1.129536e-01
+3.45 1.113069e-01
+3.455 8.292282e-02
+3.46 1.250494e-01
+3.465 9.798264e-02
+3.47 1.223947e-01
+3.475 1.092111e-01
+3.48 1.120155e-01
+3.485 1.206981e-01
+3.49 1.039816e-01
+3.495 1.224047e-01
+3.5 1.189317e-01
+3.505 1.178538e-01
+3.51 1.193907e-01
+3.515 1.147101e-01
+3.52 1.209776e-01
+3.525 1.140514e-01
+3.53 1.110475e-01
+3.535 9.436689e-02
+3.54 9.012938e-02
+3.545 9.524114e-02
+3.55 1.051692e-01
+3.555 9.039984e-02
+3.56 1.077341e-01
+3.565 1.082930e-01
+3.57 8.320925e-02
+3.575 8.627111e-02
+3.58 1.016663e-01
+3.585 9.148766e-02
+3.59 9.433395e-02
+3.595 9.650660e-02
+3.6 1.024148e-01
+3.605 1.033828e-01
+3.61 9.459743e-02
+3.615 9.453655e-02
+3.62 1.159077e-01
+3.625 1.021852e-01
+3.63 9.935090e-02
+3.635 1.027840e-01
+3.64 1.145704e-01
+3.645 1.057780e-01
+3.65 1.010275e-01
+3.655 1.095604e-01
+3.66 1.089217e-01
+3.665 1.023249e-01
+3.67 7.884499e-02
+3.675 4.818943e-02
+3.68 8.314538e-02
+3.685 9.419124e-02
+3.69 9.672816e-02
+3.695 1.011174e-01
+3.7 1.085624e-01
+3.705 1.074846e-01
+3.71 9.345272e-02
+3.715 9.206949e-02
+3.72 1.035525e-01
+3.725 1.067660e-01
+3.73 9.252159e-02
+3.735 8.566533e-02
+3.74 8.831701e-02
+3.745 1.031034e-01
+3.75 9.271719e-02
+3.755 8.973816e-02
+3.76 8.845573e-02
+3.765 8.533100e-02
+3.77 9.106051e-02
+3.775 9.033996e-02
+3.78 9.555451e-02
+3.785 8.794675e-02
+3.79 7.740887e-02
+3.795 8.851462e-02
+3.8 9.839482e-02
+3.805 9.286290e-02
+3.81 8.228610e-02
+3.815 7.741386e-02
+3.82 9.635690e-02
+3.825 9.486589e-02
+3.83 9.573315e-02
+3.835 7.676217e-02
+3.84 8.957649e-02
+3.845 8.762540e-02
+3.85 8.809745e-02
+3.855 8.491483e-02
+3.86 7.978012e-02
+3.865 8.082702e-02
+3.87 7.345679e-02
+3.875 6.748476e-02
+3.88 6.520932e-02
+3.885 6.758157e-02
+3.89 6.868036e-02
+3.895 7.461048e-02
+3.9 7.909549e-02
+3.905 7.911046e-02
+3.91 7.121029e-02
+3.915 6.972826e-02
+3.92 6.932707e-02
+3.925 6.838296e-02
+3.93 7.036100e-02
+3.935 7.339392e-02
+3.94 7.387895e-02
+3.945 7.526118e-02
+3.95 7.612445e-02
+3.955 7.704460e-02
+3.96 7.732704e-02
+3.965 7.790089e-02
+3.97 7.665239e-02
+3.975 7.494681e-02
+3.98 7.372426e-02
+3.985 7.417835e-02
+3.99 7.357555e-02
+3.995 7.195580e-02
+4 7.090091e-02
