# AM 1.5 direct solar spectrum according ASTM 891/87
# intensity = 1000 W/m2
# integration has to be performed according to Sum(y_i)
# 1. column x_i: wavelength in um
# 2. column y_i: intensity in W/m2
+0.28 4.730900e-22
+0.2805 1.230700e-20
+0.281 5.689500e-20
+0.2815 1.566200e-18
+0.282 1.194600e-17
+0.2825 4.543600e-17
+0.283 1.845200e-16
+0.2835 3.536000e-16
+0.284 7.267000e-15
+0.2845 2.485600e-14
+0.285 8.014200e-14
+0.2855 4.261300e-13
+0.286 1.368400e-12
+0.2865 8.382300e-12
+0.287 2.736700e-11
+0.2875 1.090300e-10
+0.288 6.233700e-10
+0.2885 1.716200e-09
+0.289 5.626500e-09
+0.2895 2.074900e-08
+0.29 6.016800e-08
+0.2905 1.378300e-07
+0.291 3.505200e-07
+0.2915 1.091300e-06
+0.292 2.683000e-06
+0.2925 4.268500e-06
+0.293 8.646600e-06
+0.2935 2.270700e-05
+0.294 4.174400e-05
+0.2945 6.591100e-05
+0.295 1.229000e-04
+0.2955 2.782600e-04
+0.296 4.790400e-04
+0.2965 7.134500e-04
+0.297 9.680000e-04
+0.2975 1.860800e-03
+0.298 2.898800e-03
+0.2985 3.578900e-03
+0.299 4.921100e-03
+0.2995 8.606800e-03
+0.3 1.020500e-02
+0.3005 1.245000e-02
+0.301 1.930000e-02
+0.3015 2.691400e-02
+0.302 2.920900e-02
+0.3025 4.284000e-02
+0.303 7.094500e-02
+0.3035 8.979500e-02
+0.304 9.470100e-02
+0.3045 1.195300e-01
+0.305 1.646300e-01
+0.3055 1.871900e-01
+0.306 1.857700e-01
+0.3065 2.110800e-01
+0.307 2.784900e-01
+0.3075 3.563500e-01
+0.308 3.783700e-01
+0.3085 4.143000e-01
+0.309 4.053400e-01
+0.3095 4.330600e-01
+0.31 5.093900e-01
+0.3105 6.554000e-01
+0.311 8.292200e-01
+0.3115 8.408000e-01
+0.312 9.337600e-01
+0.3125 9.898400e-01
+0.313 1.073300e+00
+0.3135 1.075700e+00
+0.314 1.196900e+00
+0.3145 1.306000e+00
+0.315 1.362500e+00
+0.3155 1.183800e+00
+0.316 1.234800e+00
+0.3165 1.503600e+00
+0.317 1.715800e+00
+0.3175 1.824500e+00
+0.318 1.759400e+00
+0.3185 1.859100e+00
+0.319 2.047000e+00
+0.3195 1.958900e+00
+0.32 2.052700e+00
+0.3205 2.452500e+00
+0.321 2.502400e+00
+0.3215 2.384300e+00
+0.322 2.220300e+00
+0.3225 2.170900e+00
+0.323 2.122600e+00
+0.3235 2.486100e+00
+0.324 2.753700e+00
+0.3245 2.832100e+00
+0.325 2.789400e+00
+0.3255 3.243600e+00
+0.326 3.812000e+00
+0.3265 4.072200e+00
+0.327 3.980600e+00
+0.3275 3.846500e+00
+0.328 3.511600e+00
+0.3285 3.716400e+00
+0.329 4.223500e+00
+0.3295 4.687800e+00
+0.33 4.713900e+00
+0.3305 4.280000e+00
+0.331 4.026200e+00
+0.3315 4.180600e+00
+0.332 4.362300e+00
+0.3325 4.391900e+00
+0.333 4.294400e+00
+0.3335 4.072400e+00
+0.334 4.149700e+00
+0.3345 4.450900e+00
+0.335 4.638800e+00
+0.3355 4.531300e+00
+0.336 4.151900e+00
+0.3365 3.821400e+00
+0.337 3.738000e+00
+0.3375 4.005100e+00
+0.338 4.341100e+00
+0.3385 4.552700e+00
+0.339 4.635500e+00
+0.3395 4.744600e+00
+0.34 5.018000e+00
+0.3405 5.007100e+00
+0.341 4.713900e+00
+0.3415 4.693500e+00
+0.342 4.893400e+00
+0.3425 5.076700e+00
+0.343 5.148900e+00
+0.3435 4.860900e+00
+0.344 4.184300e+00
+0.3445 4.030700e+00
+0.345 4.589800e+00
+0.3455 4.893200e+00
+0.346 4.777800e+00
+0.3465 4.865700e+00
+0.347 4.940400e+00
+0.3475 4.767400e+00
+0.348 4.751100e+00
+0.3485 4.833600e+00
+0.349 4.656400e+00
+0.3495 4.780500e+00
+0.35 5.279800e+00
+0.3505 5.674100e+00
+0.351 5.517200e+00
+0.3515 5.302200e+00
+0.352 5.179100e+00
+0.3525 4.896200e+00
+0.353 5.204000e+00
+0.3535 5.722800e+00
+0.354 6.049800e+00
+0.3545 6.115600e+00
+0.355 6.114000e+00
+0.3555 5.902800e+00
+0.356 5.538700e+00
+0.3565 5.194200e+00
+0.357 4.567300e+00
+0.3575 4.621500e+00
+0.358 4.300600e+00
+0.3585 3.992600e+00
+0.359 4.695300e+00
+0.3595 5.654900e+00
+0.36 5.981700e+00
+0.3605 5.653100e+00
+0.361 5.202400e+00
+0.3615 5.095600e+00
+0.362 5.342000e+00
+0.3625 5.851000e+00
+0.363 6.019100e+00
+0.3635 5.854100e+00
+0.364 6.062800e+00
+0.3645 6.005800e+00
+0.365 6.235900e+00
+0.3655 6.862800e+00
+0.366 7.353200e+00
+0.3665 7.365800e+00
+0.367 7.228500e+00
+0.3675 7.091400e+00
+0.368 6.675900e+00
+0.3685 6.631000e+00
+0.369 6.931500e+00
+0.3695 7.446900e+00
+0.37 7.550700e+00
+0.3705 6.826100e+00
+0.371 6.933800e+00
+0.3715 7.205100e+00
+0.372 6.744400e+00
+0.3725 6.425300e+00
+0.373 6.188600e+00
+0.3735 5.578600e+00
+0.374 5.564000e+00
+0.3745 5.522700e+00
+0.375 5.893000e+00
+0.3755 6.516200e+00
+0.376 6.748000e+00
+0.3765 6.639000e+00
+0.377 7.122500e+00
+0.3775 7.945500e+00
+0.378 8.559500e+00
+0.3785 8.341800e+00
+0.379 7.438900e+00
+0.3795 6.668300e+00
+0.38 7.007700e+00
+0.3805 7.507500e+00
+0.381 7.638300e+00
+0.3815 6.883700e+00
+0.382 5.867800e+00
+0.3825 5.076200e+00
+0.383 4.549900e+00
+0.3835 4.404900e+00
+0.384 5.096800e+00
+0.3845 6.135900e+00
+0.385 6.735500e+00
+0.3855 6.436300e+00
+0.386 6.210000e+00
+0.3865 6.457000e+00
+0.387 6.514700e+00
+0.3875 6.420400e+00
+0.388 6.358200e+00
+0.3885 6.313600e+00
+0.389 6.854300e+00
+0.3895 7.597000e+00
+0.39 7.969900e+00
+0.3905 8.037100e+00
+0.391 8.513800e+00
+0.3915 8.634400e+00
+0.392 7.949300e+00
+0.3925 6.625700e+00
+0.393 4.797500e+00
+0.3935 3.815200e+00
+0.394 4.956700e+00
+0.3945 6.838500e+00
+0.395 8.077200e+00
+0.3955 8.603800e+00
+0.396 7.565500e+00
+0.3965 5.501700e+00
+0.397 4.261900e+00
+0.3975 6.294500e+00
+0.398 8.524900e+00
+0.3985 1.006900e+01
+0.399 1.069300e+01
+0.3995 1.102100e+01
+0.4 1.114100e+01
+0.401 1.160300e+01
+0.402 1.206100e+01
+0.403 1.161300e+01
+0.404 1.180100e+01
+0.405 1.151100e+01
+0.406 1.122700e+01
+0.407 1.102600e+01
+0.408 1.151400e+01
+0.409 1.229900e+01
+0.41 1.048500e+01
+0.411 1.173800e+01
+0.412 1.247800e+01
+0.413 1.197100e+01
+0.414 1.184200e+01
+0.415 1.225800e+01
+0.416 1.262400e+01
+0.417 1.231200e+01
+0.418 1.177700e+01
+0.419 1.225800e+01
+0.42 1.123200e+01
+0.421 1.275700e+01
+0.422 1.258300e+01
+0.423 1.218400e+01
+0.424 1.211700e+01
+0.425 1.248800e+01
+0.426 1.213500e+01
+0.427 1.172400e+01
+0.428 1.183900e+01
+0.429 1.096300e+01
+0.43 8.746200e+00
+0.431 7.939400e+00
+0.432 1.320700e+01
+0.433 1.228800e+01
+0.434 1.135200e+01
+0.435 1.245200e+01
+0.436 1.365900e+01
+0.437 1.394300e+01
+0.438 1.223800e+01
+0.439 1.177500e+01
+0.44 1.349900e+01
+0.441 1.331300e+01
+0.442 1.425000e+01
+0.443 1.445300e+01
+0.444 1.408400e+01
+0.445 1.461900e+01
+0.446 1.310800e+01
+0.447 1.490300e+01
+0.448 1.508100e+01
+0.449 1.504500e+01
+0.45 1.559500e+01
+0.451 1.617300e+01
+0.452 1.548200e+01
+0.453 1.429700e+01
+0.454 1.533500e+01
+0.455 1.522400e+01
+0.456 1.572400e+01
+0.457 1.585400e+01
+0.458 1.551400e+01
+0.459 1.539100e+01
+0.46 1.529100e+01
+0.461 1.582700e+01
+0.462 1.597500e+01
+0.463 1.603100e+01
+0.464 1.554400e+01
+0.465 1.535000e+01
+0.466 1.567300e+01
+0.467 1.497300e+01
+0.468 1.561900e+01
+0.469 1.568200e+01
+0.47 1.507700e+01
+0.471 1.533100e+01
+0.472 1.612600e+01
+0.473 1.549900e+01
+0.474 1.567100e+01
+0.475 1.618500e+01
+0.476 1.563100e+01
+0.477 1.572400e+01
+0.478 1.623000e+01
+0.479 1.591600e+01
+0.48 1.618100e+01
+0.481 1.617700e+01
+0.482 1.623600e+01
+0.483 1.603800e+01
+0.484 1.573400e+01
+0.485 1.568300e+01
+0.486 1.271600e+01
+0.487 1.424100e+01
+0.488 1.541300e+01
+0.489 1.451900e+01
+0.49 1.622400e+01
+0.491 1.559500e+01
+0.492 1.486900e+01
+0.493 1.590300e+01
+0.494 1.552500e+01
+0.495 1.648500e+01
+0.496 1.567600e+01
+0.497 1.594400e+01
+0.498 1.550900e+01
+0.499 1.550700e+01
+0.5 1.545100e+01
+0.501 1.497800e+01
+0.502 1.496600e+01
+0.503 1.565300e+01
+0.504 1.458700e+01
+0.505 1.563500e+01
+0.506 1.626400e+01
+0.507 1.556000e+01
+0.508 1.516500e+01
+0.509 1.589300e+01
+0.51 1.548100e+01
+0.511 1.576900e+01
+0.512 1.618600e+01
+0.513 1.520600e+01
+0.514 1.488500e+01
+0.515 1.531400e+01
+0.516 1.545500e+01
+0.517 1.259400e+01
+0.518 1.440300e+01
+0.519 1.395700e+01
+0.52 1.523600e+01
+0.521 1.534600e+01
+0.522 1.569000e+01
+0.523 1.478900e+01
+0.524 1.590500e+01
+0.525 1.578100e+01
+0.526 1.534100e+01
+0.527 1.341700e+01
+0.528 1.535700e+01
+0.529 1.607100e+01
+0.53 1.544600e+01
+0.531 1.629200e+01
+0.532 1.599800e+01
+0.533 1.428600e+01
+0.534 1.530200e+01
+0.535 1.553500e+01
+0.536 1.619900e+01
+0.537 1.498900e+01
+0.538 1.573800e+01
+0.539 1.535200e+01
+0.54 1.482500e+01
+0.541 1.425100e+01
+0.542 1.551100e+01
+0.543 1.525600e+01
+0.544 1.579200e+01
+0.545 1.543500e+01
+0.546 1.529100e+01
+0.547 1.549000e+01
+0.548 1.504900e+01
+0.549 1.552000e+01
+0.55 1.539900e+01
+0.551 1.538200e+01
+0.552 1.569700e+01
+0.553 1.525000e+01
+0.554 1.554900e+01
+0.555 1.563400e+01
+0.556 1.536600e+01
+0.557 1.498800e+01
+0.558 1.531000e+01
+0.559 1.448300e+01
+0.56 1.474000e+01
+0.561 1.559500e+01
+0.562 1.484700e+01
+0.563 1.540800e+01
+0.564 1.510600e+01
+0.565 1.520100e+01
+0.566 1.437400e+01
+0.567 1.532000e+01
+0.568 1.518000e+01
+0.569 1.480700e+01
+0.57 1.481600e+01
+0.571 1.433100e+01
+0.572 1.513400e+01
+0.573 1.519800e+01
+0.574 1.511900e+01
+0.575 1.477700e+01
+0.576 1.465400e+01
+0.577 1.502300e+01
+0.578 1.456000e+01
+0.579 1.477000e+01
+0.58 1.502000e+01
+0.581 1.508900e+01
+0.582 1.532000e+01
+0.583 1.547900e+01
+0.584 1.544800e+01
+0.585 1.532400e+01
+0.586 1.495300e+01
+0.587 1.528100e+01
+0.588 1.493400e+01
+0.589 1.289400e+01
+0.59 1.370900e+01
+0.591 1.466200e+01
+0.592 1.435400e+01
+0.593 1.456100e+01
+0.594 1.449100e+01
+0.595 1.430800e+01
+0.596 1.474500e+01
+0.597 1.478800e+01
+0.598 1.460700e+01
+0.599 1.460600e+01
+0.6 1.475300e+01
+0.601 1.457900e+01
+0.602 1.436000e+01
+0.603 1.466400e+01
+0.604 1.492100e+01
+0.605 1.489500e+01
+0.606 1.482200e+01
+0.607 1.491100e+01
+0.608 1.486200e+01
+0.609 1.474900e+01
+0.61 1.468600e+01
+0.611 1.461100e+01
+0.612 1.483100e+01
+0.613 1.462100e+01
+0.614 1.417600e+01
+0.615 1.469700e+01
+0.616 1.431000e+01
+0.617 1.412800e+01
+0.618 1.466400e+01
+0.619 1.473300e+01
+0.62 1.473900e+01
+0.621 1.480200e+01
+0.622 1.426900e+01
+0.623 1.416500e+01
+0.624 1.411800e+01
+0.625 1.402600e+01
+0.626 1.401200e+01
+0.627 1.441700e+01
+0.628 1.363100e+01
+0.629 1.411400e+01
+0.63 1.392400e+01
+0.631 1.416100e+01
+0.632 1.363800e+01
+0.633 1.450800e+01
+0.634 1.428400e+01
+0.635 1.445800e+01
+0.636 1.412800e+01
+0.637 1.461000e+01
+0.638 1.470700e+01
+0.639 1.464600e+01
+0.64 1.434000e+01
+0.641 1.434800e+01
+0.642 1.437600e+01
+0.643 1.452500e+01
+0.644 1.446200e+01
+0.645 1.456700e+01
+0.646 1.415000e+01
+0.647 1.408600e+01
+0.648 1.395200e+01
+0.649 1.351900e+01
+0.65 1.359400e+01
+0.651 1.444700e+01
+0.652 1.387100e+01
+0.653 1.431100e+01
+0.654 1.415300e+01
+0.655 1.349900e+01
+0.656 1.185100e+01
+0.657 1.239300e+01
+0.658 1.385500e+01
+0.659 1.390500e+01
+0.66 1.399200e+01
+0.661 1.393300e+01
+0.662 1.381900e+01
+0.663 1.384400e+01
+0.664 1.396700e+01
+0.665 1.421400e+01
+0.666 1.420300e+01
+0.667 1.410200e+01
+0.668 1.415000e+01
+0.669 1.439400e+01
+0.67 1.419600e+01
+0.671 1.416900e+01
+0.672 1.397200e+01
+0.673 1.409400e+01
+0.674 1.407400e+01
+0.675 1.395800e+01
+0.676 1.412000e+01
+0.677 1.399100e+01
+0.678 1.406600e+01
+0.679 1.394700e+01
+0.68 1.396900e+01
+0.681 1.391500e+01
+0.682 1.398100e+01
+0.683 1.383000e+01
+0.684 1.373900e+01
+0.685 1.374800e+01
+0.686 1.343800e+01
+0.687 9.682400e+00
+0.688 1.120600e+01
+0.689 1.127800e+01
+0.69 1.182100e+01
+0.691 1.233300e+01
+0.692 1.268900e+01
+0.693 1.260900e+01
+0.694 1.246400e+01
+0.695 1.271400e+01
+0.696 1.268400e+01
+0.697 1.340300e+01
+0.698 1.319200e+01
+0.699 1.291800e+01
+0.7 1.282300e+01
+0.701 1.265900e+01
+0.702 1.267400e+01
+0.703 1.274700e+01
+0.704 1.307800e+01
+0.705 1.321400e+01
+0.706 1.314400e+01
+0.707 1.309000e+01
+0.708 1.304800e+01
+0.709 1.309500e+01
+0.71 1.317500e+01
+0.711 1.315500e+01
+0.712 1.307100e+01
+0.713 1.291800e+01
+0.714 1.302900e+01
+0.715 1.258700e+01
+0.716 1.271600e+01
+0.717 1.107100e+01
+0.718 1.029600e+01
+0.719 9.231800e+00
+0.72 9.855000e+00
+0.721 1.086100e+01
+0.722 1.240700e+01
+0.723 1.144400e+01
+0.724 1.055500e+01
+0.725 1.038000e+01
+0.726 1.081300e+01
+0.727 1.085000e+01
+0.728 1.040000e+01
+0.729 1.046600e+01
+0.73 1.128500e+01
+0.731 1.070300e+01
+0.732 1.153400e+01
+0.733 1.196200e+01
+0.734 1.235700e+01
+0.735 1.217800e+01
+0.736 1.205900e+01
+0.737 1.203900e+01
+0.738 1.226900e+01
+0.739 1.190500e+01
+0.74 1.219500e+01
+0.741 1.214800e+01
+0.742 1.215300e+01
+0.743 1.240500e+01
+0.744 1.250300e+01
+0.745 1.249700e+01
+0.746 1.247000e+01
+0.747 1.247700e+01
+0.748 1.240100e+01
+0.749 1.235700e+01
+0.75 1.234100e+01
+0.751 1.228600e+01
+0.752 1.233000e+01
+0.753 1.226600e+01
+0.754 1.242000e+01
+0.755 1.238300e+01
+0.756 1.223200e+01
+0.757 1.222100e+01
+0.758 1.229500e+01
+0.759 1.194500e+01
+0.76 2.660400e+00
+0.761 1.539600e+00
+0.762 6.876600e+00
+0.763 3.795200e+00
+0.764 5.387800e+00
+0.765 6.860100e+00
+0.766 8.146100e+00
+0.767 9.741700e+00
+0.768 1.113800e+01
+0.769 1.127800e+01
+0.77 1.160800e+01
+0.771 1.168600e+01
+0.772 1.177800e+01
+0.773 1.177100e+01
+0.774 1.177100e+01
+0.775 1.177100e+01
+0.776 1.179800e+01
+0.777 1.172700e+01
+0.778 1.171300e+01
+0.779 1.176500e+01
+0.78 1.163600e+01
+0.781 1.160700e+01
+0.782 1.166200e+01
+0.783 1.161400e+01
+0.784 1.153600e+01
+0.785 1.158600e+01
+0.786 1.159200e+01
+0.787 1.145000e+01
+0.788 1.130500e+01
+0.789 1.125700e+01
+0.79 1.091000e+01
+0.791 1.105800e+01
+0.792 1.095300e+01
+0.793 1.087500e+01
+0.794 1.097200e+01
+0.795 1.093200e+01
+0.796 1.074200e+01
+0.797 1.091300e+01
+0.798 1.112100e+01
+0.799 1.090500e+01
+0.8 1.072500e+01
+0.801 1.084300e+01
+0.802 1.085600e+01
+0.803 1.065700e+01
+0.804 1.078200e+01
+0.805 1.054500e+01
+0.806 1.097400e+01
+0.807 1.085900e+01
+0.808 1.082100e+01
+0.809 1.054800e+01
+0.81 1.055900e+01
+0.811 1.053300e+01
+0.812 1.026800e+01
+0.813 1.008600e+01
+0.814 9.035600e+00
+0.815 8.952300e+00
+0.816 8.321600e+00
+0.817 8.518300e+00
+0.818 8.225900e+00
+0.819 9.051900e+00
+0.82 8.618800e+00
+0.821 9.976400e+00
+0.822 9.515700e+00
+0.823 6.727100e+00
+0.824 9.350600e+00
+0.825 9.693500e+00
+0.826 9.338100e+00
+0.827 9.846500e+00
+0.828 8.497900e+00
+0.829 9.293000e+00
+0.83 9.160100e+00
+0.831 9.239200e+00
+0.832 8.942600e+00
+0.833 9.565000e+00
+0.834 9.341200e+00
+0.835 1.003200e+01
+0.836 9.723400e+00
+0.837 1.009200e+01
+0.838 9.990100e+00
+0.839 1.001300e+01
+0.84 1.015700e+01
+0.841 1.010100e+01
+0.842 9.970300e+00
+0.843 1.005300e+01
+0.844 9.863100e+00
+0.845 1.016500e+01
+0.846 1.018700e+01
+0.847 9.917000e+00
+0.848 9.921700e+00
+0.849 9.859600e+00
+0.85 8.937200e+00
+0.851 9.749300e+00
+0.852 9.692700e+00
+0.853 9.648600e+00
+0.854 8.511200e+00
+0.855 9.130000e+00
+0.856 9.731700e+00
+0.857 9.916600e+00
+0.858 9.919600e+00
+0.859 9.917100e+00
+0.86 9.881600e+00
+0.861 9.867900e+00
+0.862 9.944900e+00
+0.863 1.000500e+01
+0.864 9.791600e+00
+0.865 9.632400e+00
+0.866 8.490000e+00
+0.867 9.154600e+00
+0.868 9.592000e+00
+0.869 9.495600e+00
+0.87 9.675500e+00
+0.871 9.538700e+00
+0.872 9.668600e+00
+0.873 9.572100e+00
+0.874 9.404200e+00
+0.875 9.268700e+00
+0.876 9.527700e+00
+0.877 9.561500e+00
+0.878 9.523700e+00
+0.879 9.365600e+00
+0.88 9.395700e+00
+0.881 9.086100e+00
+0.882 9.324500e+00
+0.883 9.292700e+00
+0.884 9.330500e+00
+0.885 9.442300e+00
+0.886 9.075200e+00
+0.887 9.106200e+00
+0.888 9.222800e+00
+0.889 9.345500e+00
+0.89 9.239300e+00
+0.891 9.258400e+00
+0.892 9.088100e+00
+0.893 8.732700e+00
+0.894 8.513000e+00
+0.895 8.135700e+00
+0.896 7.625300e+00
+0.897 6.656600e+00
+0.898 7.178000e+00
+0.899 5.487100e+00
+0.9 7.426000e+00
+0.901 5.993300e+00
+0.902 6.679100e+00
+0.903 6.888900e+00
+0.904 8.445700e+00
+0.905 8.170900e+00
+0.906 7.755800e+00
+0.907 6.385400e+00
+0.908 6.521700e+00
+0.909 7.043100e+00
+0.91 6.246700e+00
+0.911 6.680800e+00
+0.912 6.889300e+00
+0.913 6.283400e+00
+0.914 6.264900e+00
+0.915 6.783600e+00
+0.916 5.764600e+00
+0.917 7.301700e+00
+0.918 5.927100e+00
+0.919 7.387700e+00
+0.92 7.441400e+00
+0.921 7.804900e+00
+0.922 7.002600e+00
+0.923 7.450400e+00
+0.924 7.215000e+00
+0.925 7.111000e+00
+0.926 7.033100e+00
+0.927 7.874200e+00
+0.928 5.896800e+00
+0.929 5.512700e+00
+0.93 4.321000e+00
+0.931 4.092100e+00
+0.932 3.008600e+00
+0.933 2.484100e+00
+0.934 1.438000e+00
+0.935 2.508400e+00
+0.936 1.614200e+00
+0.937 1.633800e+00
+0.938 2.005800e+00
+0.939 3.988700e+00
+0.94 4.718100e+00
+0.941 3.719500e+00
+0.942 4.053200e+00
+0.943 2.783400e+00
+0.944 2.857900e+00
+0.945 3.682100e+00
+0.946 1.946100e+00
+0.947 3.711200e+00
+0.948 2.742300e+00
+0.949 4.939600e+00
+0.95 1.472600e+00
+0.951 4.837800e+00
+0.952 2.689100e+00
+0.953 3.436200e+00
+0.954 4.241100e+00
+0.955 3.411700e+00
+0.956 3.282100e+00
+0.957 2.706700e+00
+0.958 4.610100e+00
+0.959 3.738500e+00
+0.96 4.206600e+00
+0.961 4.612000e+00
+0.962 4.417400e+00
+0.963 5.050300e+00
+0.964 4.586000e+00
+0.965 5.037400e+00
+0.966 5.027500e+00
+0.967 5.024000e+00
+0.968 6.521000e+00
+0.969 6.862200e+00
+0.97 6.346100e+00
+0.971 7.139700e+00
+0.972 6.876500e+00
+0.973 6.064800e+00
+0.974 5.752900e+00
+0.975 5.898700e+00
+0.976 5.719100e+00
+0.977 6.386400e+00
+0.978 6.150900e+00
+0.979 6.381500e+00
+0.98 6.046800e+00
+0.981 7.133800e+00
+0.982 6.921800e+00
+0.983 6.686500e+00
+0.984 7.373200e+00
+0.985 6.881700e+00
+0.986 7.508300e+00
+0.987 7.392800e+00
+0.988 7.346200e+00
+0.989 7.490600e+00
+0.99 7.322700e+00
+0.991 7.535800e+00
+0.992 7.510200e+00
+0.993 7.372800e+00
+0.994 7.541000e+00
+0.995 7.517600e+00
+0.996 7.488400e+00
+0.997 7.397100e+00
+0.998 7.388700e+00
+0.999 7.385700e+00
+1 7.353200e+00
+1.001 7.444200e+00
+1.002 7.280500e+00
+1.003 7.344200e+00
+1.004 7.233600e+00
+1.005 6.817400e+00
+1.006 7.125200e+00
+1.007 7.275300e+00
+1.008 7.268500e+00
+1.009 7.197200e+00
+1.01 7.191400e+00
+1.011 7.227800e+00
+1.012 7.187700e+00
+1.013 7.176100e+00
+1.014 7.206800e+00
+1.015 7.081700e+00
+1.016 7.112900e+00
+1.017 7.033700e+00
+1.018 7.142200e+00
+1.019 6.887800e+00
+1.02 6.989600e+00
+1.021 7.017500e+00
+1.022 6.897000e+00
+1.023 6.950800e+00
+1.024 6.905800e+00
+1.025 6.975300e+00
+1.026 6.963600e+00
+1.027 6.930500e+00
+1.028 6.938500e+00
+1.029 6.862800e+00
+1.03 6.905500e+00
+1.031 6.873600e+00
+1.032 6.878700e+00
+1.033 6.761300e+00
+1.034 6.801500e+00
+1.035 6.823400e+00
+1.036 6.820200e+00
+1.037 6.749700e+00
+1.038 6.717200e+00
+1.039 6.763600e+00
+1.04 6.717000e+00
+1.041 6.717600e+00
+1.042 6.720000e+00
+1.043 6.652500e+00
+1.044 6.683300e+00
+1.045 6.645200e+00
+1.046 6.471400e+00
+1.047 6.569400e+00
+1.048 6.627400e+00
+1.049 6.589600e+00
+1.05 6.546300e+00
+1.051 6.552100e+00
+1.052 6.511800e+00
+1.053 6.491900e+00
+1.054 6.464600e+00
+1.055 6.484700e+00
+1.056 6.464100e+00
+1.057 6.448200e+00
+1.058 6.381800e+00
+1.059 6.187500e+00
+1.06 6.358500e+00
+1.061 6.212100e+00
+1.062 6.326600e+00
+1.063 6.223900e+00
+1.064 6.319600e+00
+1.065 6.291300e+00
+1.066 6.171300e+00
+1.067 6.203200e+00
+1.068 6.194400e+00
+1.069 5.862600e+00
+1.07 6.046900e+00
+1.071 6.166100e+00
+1.072 6.153600e+00
+1.073 6.036300e+00
+1.074 6.215800e+00
+1.075 5.925200e+00
+1.076 6.147100e+00
+1.077 6.043400e+00
+1.078 6.032100e+00
+1.079 6.047400e+00
+1.08 5.972200e+00
+1.081 5.808300e+00
+1.082 5.894000e+00
+1.083 5.981400e+00
+1.084 5.785200e+00
+1.085 5.933000e+00
+1.086 5.541000e+00
+1.087 5.669700e+00
+1.088 5.931700e+00
+1.089 5.791900e+00
+1.09 5.557300e+00
+1.091 5.883500e+00
+1.092 5.812400e+00
+1.093 5.105800e+00
+1.094 5.396500e+00
+1.095 5.206700e+00
+1.096 5.032300e+00
+1.097 5.785200e+00
+1.098 5.029100e+00
+1.099 5.077200e+00
+1.1 4.857700e+00
+1.101 4.969600e+00
+1.102 4.688300e+00
+1.103 4.663700e+00
+1.104 4.676500e+00
+1.105 5.064400e+00
+1.106 3.979200e+00
+1.107 4.830400e+00
+1.108 4.156500e+00
+1.109 4.127800e+00
+1.11 4.789900e+00
+1.111 3.315400e+00
+1.112 4.135700e+00
+1.113 2.685000e+00
+1.114 2.998500e+00
+1.115 2.498700e+00
+1.116 2.013600e+00
+1.117 7.961800e-01
+1.118 2.175300e+00
+1.119 1.131700e+00
+1.12 1.418900e+00
+1.121 1.858600e+00
+1.122 8.168600e-01
+1.123 1.281700e+00
+1.124 1.087000e+00
+1.125 1.442800e+00
+1.126 5.158900e-01
+1.127 1.572500e+00
+1.128 9.922400e-01
+1.129 1.059100e+00
+1.13 7.057400e-01
+1.131 2.956000e+00
+1.132 2.341100e+00
+1.133 1.533100e+00
+1.134 4.174000e-01
+1.135 1.546200e-01
+1.136 1.287600e+00
+1.137 2.878500e+00
+1.138 2.032900e+00
+1.139 2.985000e+00
+1.14 2.559900e+00
+1.141 1.933700e+00
+1.142 2.247900e+00
+1.143 3.118300e+00
+1.144 1.132600e+00
+1.145 1.460400e+00
+1.146 1.576400e+00
+1.147 5.917600e-01
+1.148 2.711300e+00
+1.149 2.185400e+00
+1.15 1.216400e+00
+1.151 2.034000e+00
+1.152 2.476200e+00
+1.153 2.381200e+00
+1.154 1.424800e+00
+1.155 3.131600e+00
+1.156 2.809000e+00
+1.157 3.145800e+00
+1.158 3.117100e+00
+1.159 3.369300e+00
+1.16 2.864800e+00
+1.161 3.475300e+00
+1.162 3.500200e+00
+1.163 4.685700e+00
+1.164 4.018800e+00
+1.165 3.886000e+00
+1.166 3.749400e+00
+1.167 4.099600e+00
+1.168 4.195400e+00
+1.169 4.231000e+00
+1.17 4.587300e+00
+1.171 4.483100e+00
+1.172 4.548300e+00
+1.173 4.564200e+00
+1.174 3.369200e+00
+1.175 4.524000e+00
+1.176 4.767900e+00
+1.177 4.723500e+00
+1.178 3.600000e+00
+1.179 4.837100e+00
+1.18 4.406900e+00
+1.181 4.551400e+00
+1.182 3.231800e+00
+1.183 4.387000e+00
+1.184 4.198500e+00
+1.185 4.074100e+00
+1.186 4.771500e+00
+1.187 4.557500e+00
+1.188 3.350400e+00
+1.189 4.156900e+00
+1.19 4.623900e+00
+1.191 4.466000e+00
+1.192 4.733600e+00
+1.193 4.543400e+00
+1.194 4.689000e+00
+1.195 4.469600e+00
+1.196 4.313100e+00
+1.197 4.771500e+00
+1.198 4.339200e+00
+1.199 3.648900e+00
+1.2 4.482500e+00
+1.201 4.370800e+00
+1.202 4.371700e+00
+1.203 4.340900e+00
+1.204 3.624700e+00
+1.205 4.369200e+00
+1.206 4.808600e+00
+1.207 4.298600e+00
+1.208 4.334600e+00
+1.209 4.142800e+00
+1.21 4.533600e+00
+1.211 4.223200e+00
+1.212 4.248900e+00
+1.213 4.695600e+00
+1.214 4.340700e+00
+1.215 4.278000e+00
+1.216 4.664000e+00
+1.217 4.552800e+00
+1.218 4.593400e+00
+1.219 4.466300e+00
+1.22 4.580500e+00
+1.221 4.653100e+00
+1.222 4.513900e+00
+1.223 4.440600e+00
+1.224 4.480800e+00
+1.225 4.623600e+00
+1.226 4.681900e+00
+1.227 4.330400e+00
+1.228 4.665800e+00
+1.229 4.672100e+00
+1.23 4.600300e+00
+1.231 4.720300e+00
+1.232 4.663300e+00
+1.233 4.539700e+00
+1.234 4.701600e+00
+1.235 4.650400e+00
+1.236 4.690800e+00
+1.237 4.633900e+00
+1.238 4.679700e+00
+1.239 4.627200e+00
+1.24 4.607700e+00
+1.241 4.619700e+00
+1.242 4.624700e+00
+1.243 4.575400e+00
+1.244 4.552800e+00
+1.245 4.565500e+00
+1.246 4.594500e+00
+1.247 4.574600e+00
+1.248 4.586000e+00
+1.249 4.596600e+00
+1.25 4.570500e+00
+1.251 4.525800e+00
+1.252 4.509700e+00
+1.253 4.477300e+00
+1.254 4.436300e+00
+1.255 4.507000e+00
+1.256 4.402300e+00
+1.257 4.353200e+00
+1.258 4.449600e+00
+1.259 4.272500e+00
+1.26 4.311000e+00
+1.261 4.114600e+00
+1.262 3.956700e+00
+1.263 4.001900e+00
+1.264 3.714800e+00
+1.265 3.957000e+00
+1.266 3.852700e+00
+1.267 3.882200e+00
+1.268 3.705100e+00
+1.269 2.465200e+00
+1.27 3.874400e+00
+1.271 4.082500e+00
+1.272 4.087900e+00
+1.273 4.062500e+00
+1.274 4.061400e+00
+1.275 4.123300e+00
+1.276 4.169300e+00
+1.277 4.200100e+00
+1.278 4.276300e+00
+1.279 4.245600e+00
+1.28 4.220400e+00
+1.281 4.133500e+00
+1.282 3.730500e+00
+1.283 4.073300e+00
+1.284 4.207800e+00
+1.285 4.239900e+00
+1.286 4.271400e+00
+1.287 4.221300e+00
+1.288 4.198900e+00
+1.289 4.093600e+00
+1.29 4.128500e+00
+1.291 4.178600e+00
+1.292 3.961800e+00
+1.293 4.125700e+00
+1.294 4.042100e+00
+1.295 4.051400e+00
+1.296 3.895700e+00
+1.297 3.713000e+00
+1.298 3.918300e+00
+1.299 4.085200e+00
+1.3 3.531200e+00
+1.301 3.622800e+00
+1.302 3.918100e+00
+1.303 3.462100e+00
+1.304 3.006200e+00
+1.305 3.838200e+00
+1.306 3.845300e+00
+1.307 3.059400e+00
+1.308 3.469600e+00
+1.309 3.841300e+00
+1.31 3.011400e+00
+1.311 3.336600e+00
+1.312 3.333700e+00
+1.313 3.135200e+00
+1.314 2.883300e+00
+1.315 2.858100e+00
+1.316 3.241900e+00
+1.317 3.121700e+00
+1.318 3.332800e+00
+1.319 2.685500e+00
+1.32 2.587200e+00
+1.321 2.986600e+00
+1.322 3.021700e+00
+1.323 2.327900e+00
+1.324 2.624900e+00
+1.325 3.222400e+00
+1.326 2.805100e+00
+1.327 2.662500e+00
+1.328 2.345000e+00
+1.329 1.775900e+00
+1.33 2.292300e+00
+1.331 1.448000e+00
+1.332 1.457900e+00
+1.333 2.030400e+00
+1.334 1.692500e+00
+1.335 2.311700e+00
+1.336 1.834800e+00
+1.337 1.645400e+00
+1.338 1.780400e+00
+1.339 1.768100e+00
+1.34 1.683100e+00
+1.341 1.703900e+00
+1.342 1.779800e+00
+1.343 1.271100e+00
+1.344 7.564500e-01
+1.345 1.090400e+00
+1.346 5.818600e-01
+1.347 6.011900e-01
+1.348 4.745100e-02
+1.349 1.615900e-01
+1.35 1.602500e-01
+1.351 4.629800e-02
+1.352 1.516400e-02
+1.353 9.609600e-04
+1.354 2.900900e-03
+1.355 3.603400e-05
+1.356 4.807000e-04
+1.357 7.178600e-04
+1.358 4.194800e-05
+1.359 7.343900e-06
+1.36 2.140400e-05
+1.361 4.813300e-08
+1.362 1.807600e-10
+1.363 3.156300e-05
+1.364 1.358900e-05
+1.365 9.076400e-11
+1.366 1.279100e-04
+1.367 4.976400e-05
+1.368 1.481000e-12
+1.369 5.166700e-06
+1.37 2.920000e-06
+1.371 1.973100e-07
+1.372 2.749800e-05
+1.373 4.440100e-04
+1.374 1.791700e-03
+1.375 3.233200e-03
+1.376 2.574800e-03
+1.377 1.227000e-03
+1.378 1.108900e-02
+1.379 5.216400e-04
+1.38 8.158700e-04
+1.381 2.371600e-05
+1.382 2.567200e-05
+1.383 4.401700e-07
+1.384 6.168900e-06
+1.385 2.089900e-05
+1.386 2.521500e-05
+1.387 1.989600e-03
+1.388 4.026200e-05
+1.389 5.809800e-03
+1.39 4.932800e-03
+1.391 3.438400e-03
+1.392 2.378200e-04
+1.393 1.158600e-03
+1.394 7.552600e-04
+1.395 6.713600e-06
+1.396 6.321500e-08
+1.397 4.905700e-04
+1.398 1.270400e-02
+1.399 8.122600e-03
+1.4 3.246600e-08
+1.401 1.052800e-07
+1.402 1.835300e-02
+1.403 2.380000e-02
+1.404 7.389200e-03
+1.405 3.644400e-06
+1.406 2.044800e-02
+1.407 1.745700e-03
+1.408 1.649300e-02
+1.409 6.191900e-03
+1.41 4.665300e-03
+1.411 2.114200e-02
+1.412 2.639600e-02
+1.413 2.335300e-01
+1.414 3.637800e-03
+1.415 1.836600e-03
+1.416 3.556500e-01
+1.417 1.175900e-01
+1.418 1.355900e-01
+1.419 2.144200e-02
+1.42 8.271800e-02
+1.421 9.163700e-02
+1.422 4.631400e-01
+1.423 9.219800e-02
+1.424 1.697500e-01
+1.425 2.585000e-01
+1.426 2.779200e-01
+1.427 4.954600e-01
+1.428 4.558800e-02
+1.429 3.802000e-01
+1.43 6.160100e-01
+1.431 5.015600e-01
+1.432 2.519400e-02
+1.433 3.583400e-01
+1.434 2.096200e-01
+1.435 2.141600e-01
+1.436 3.835100e-01
+1.437 2.988000e-01
+1.438 1.326300e-01
+1.439 5.103900e-01
+1.44 3.960100e-01
+1.441 3.180000e-01
+1.442 3.631700e-01
+1.443 4.506300e-01
+1.444 6.179100e-01
+1.445 4.975100e-01
+1.446 2.309500e-01
+1.447 3.621500e-01
+1.448 1.156900e+00
+1.449 1.021300e+00
+1.45 2.741200e-01
+1.451 1.127100e-01
+1.452 6.236100e-01
+1.453 8.197800e-01
+1.454 1.375900e+00
+1.455 6.615000e-01
+1.456 8.850900e-01
+1.457 1.170000e+00
+1.458 1.364300e+00
+1.459 1.630700e+00
+1.46 8.542100e-01
+1.461 9.027600e-01
+1.462 1.306000e+00
+1.463 4.322500e-01
+1.464 1.518400e+00
+1.465 9.338300e-01
+1.466 6.519700e-01
+1.467 3.605400e-01
+1.468 7.694200e-01
+1.469 9.484500e-01
+1.47 4.967800e-01
+1.471 1.784800e-01
+1.472 4.677100e-01
+1.473 7.019800e-01
+1.474 9.733900e-01
+1.475 1.846300e+00
+1.476 6.877800e-01
+1.477 6.973600e-01
+1.478 6.348000e-01
+1.479 1.200100e+00
+1.48 6.063700e-01
+1.481 1.152900e+00
+1.482 5.849000e-01
+1.483 1.485900e+00
+1.484 1.374700e+00
+1.485 1.250300e+00
+1.486 1.234000e+00
+1.487 6.062900e-01
+1.488 9.418000e-01
+1.489 1.897300e+00
+1.49 1.747800e+00
+1.491 1.977800e+00
+1.492 1.644100e+00
+1.493 1.815700e+00
+1.494 2.036700e+00
+1.495 1.825300e+00
+1.496 1.685200e+00
+1.497 2.285000e+00
+1.498 1.896800e+00
+1.499 2.175900e+00
+1.5 2.506100e+00
+1.501 2.655200e+00
+1.502 2.335600e+00
+1.503 1.849300e+00
+1.504 1.602900e+00
+1.505 1.840200e+00
+1.506 2.577300e+00
+1.507 2.551400e+00
+1.508 2.430200e+00
+1.509 1.869000e+00
+1.51 2.705200e+00
+1.511 2.647400e+00
+1.512 2.606800e+00
+1.513 2.423900e+00
+1.514 2.257100e+00
+1.515 2.657300e+00
+1.516 2.568300e+00
+1.517 2.492900e+00
+1.518 2.521100e+00
+1.519 2.443700e+00
+1.52 2.645000e+00
+1.521 2.750500e+00
+1.522 2.637800e+00
+1.523 2.800400e+00
+1.524 2.753900e+00
+1.525 2.588400e+00
+1.526 2.674500e+00
+1.527 2.622000e+00
+1.528 2.792800e+00
+1.529 2.724400e+00
+1.53 2.552200e+00
+1.531 2.697300e+00
+1.532 2.783900e+00
+1.533 2.771400e+00
+1.534 2.689200e+00
+1.535 2.668600e+00
+1.536 2.746400e+00
+1.537 2.733600e+00
+1.538 2.720200e+00
+1.539 2.729500e+00
+1.54 2.649100e+00
+1.541 2.690400e+00
+1.542 2.692700e+00
+1.543 2.720800e+00
+1.544 2.721000e+00
+1.545 2.770500e+00
+1.546 2.748100e+00
+1.547 2.730900e+00
+1.548 2.667500e+00
+1.549 2.734200e+00
+1.55 2.699000e+00
+1.551 2.705800e+00
+1.552 2.718200e+00
+1.553 2.713200e+00
+1.554 2.647400e+00
+1.555 2.675900e+00
+1.556 2.631000e+00
+1.557 2.706200e+00
+1.558 2.684800e+00
+1.559 2.680800e+00
+1.56 2.656800e+00
+1.561 2.700200e+00
+1.562 2.675600e+00
+1.563 2.666700e+00
+1.564 2.626400e+00
+1.565 2.672800e+00
+1.566 2.624500e+00
+1.567 2.630800e+00
+1.568 2.572200e+00
+1.569 2.545200e+00
+1.57 2.417500e+00
+1.571 2.350700e+00
+1.572 2.377500e+00
+1.573 2.340700e+00
+1.574 2.414500e+00
+1.575 2.397400e+00
+1.576 2.467800e+00
+1.577 2.160200e+00
+1.578 2.351600e+00
+1.579 2.367200e+00
+1.58 2.446400e+00
+1.581 2.487000e+00
+1.582 2.419500e+00
+1.583 2.475500e+00
+1.584 2.490400e+00
+1.585 2.587400e+00
+1.586 2.556900e+00
+1.587 2.530300e+00
+1.588 2.510700e+00
+1.589 2.323300e+00
+1.59 2.417900e+00
+1.591 2.419700e+00
+1.592 2.522500e+00
+1.593 2.583300e+00
+1.594 2.562400e+00
+1.595 2.582300e+00
+1.596 2.445200e+00
+1.597 2.469200e+00
+1.598 2.542100e+00
+1.599 2.420200e+00
+1.6 2.381000e+00
+1.601 2.232300e+00
+1.602 2.241300e+00
+1.603 2.239700e+00
+1.604 2.284200e+00
+1.605 2.368300e+00
+1.606 2.414000e+00
+1.607 2.329600e+00
+1.608 2.299000e+00
+1.609 2.272700e+00
+1.61 2.176000e+00
+1.611 2.268000e+00
+1.612 2.307600e+00
+1.613 2.371900e+00
+1.614 2.383800e+00
+1.615 2.410400e+00
+1.616 2.305000e+00
+1.617 2.346500e+00
+1.618 2.435200e+00
+1.619 2.410000e+00
+1.62 2.344900e+00
+1.621 2.343000e+00
+1.622 2.375400e+00
+1.623 2.424600e+00
+1.624 2.426900e+00
+1.625 2.378200e+00
+1.626 2.397100e+00
+1.627 2.407800e+00
+1.628 2.412600e+00
+1.629 2.413700e+00
+1.63 2.365100e+00
+1.631 2.380600e+00
+1.632 2.382100e+00
+1.633 2.326700e+00
+1.634 2.328200e+00
+1.635 2.336700e+00
+1.636 2.353900e+00
+1.637 2.270000e+00
+1.638 2.200700e+00
+1.639 2.202600e+00
+1.64 2.151100e+00
+1.641 2.196000e+00
+1.642 2.208200e+00
+1.643 2.153500e+00
+1.644 2.235500e+00
+1.645 2.182200e+00
+1.646 2.174900e+00
+1.647 2.276800e+00
+1.648 2.165500e+00
+1.649 2.186700e+00
+1.65 2.252600e+00
+1.651 2.085500e+00
+1.652 2.237300e+00
+1.653 2.227700e+00
+1.654 2.158300e+00
+1.655 2.223100e+00
+1.656 2.210100e+00
+1.657 2.222300e+00
+1.658 2.248700e+00
+1.659 2.212000e+00
+1.66 2.233200e+00
+1.661 2.238400e+00
+1.662 2.190800e+00
+1.663 2.223500e+00
+1.664 2.209800e+00
+1.665 2.117800e+00
+1.666 1.788400e+00
+1.667 2.106800e+00
+1.668 2.145900e+00
+1.669 2.151600e+00
+1.67 2.216800e+00
+1.671 2.187900e+00
+1.672 2.114700e+00
+1.673 2.162900e+00
+1.674 2.157500e+00
+1.675 2.136000e+00
+1.676 2.114500e+00
+1.677 2.122900e+00
+1.678 2.091500e+00
+1.679 2.130300e+00
+1.68 2.055800e+00
+1.681 1.944700e+00
+1.682 2.036600e+00
+1.683 2.090600e+00
+1.684 1.979700e+00
+1.685 2.132100e+00
+1.686 2.102600e+00
+1.687 2.048400e+00
+1.688 2.101300e+00
+1.689 2.071800e+00
+1.69 2.052300e+00
+1.691 1.930300e+00
+1.692 2.070800e+00
+1.693 2.113400e+00
+1.694 2.047700e+00
+1.695 2.096800e+00
+1.696 2.092200e+00
+1.697 1.810700e+00
+1.698 2.073900e+00
+1.699 2.055100e+00
+1.7 1.997500e+00
+1.702 2.039600e+00
+1.705 1.977800e+00
+1.71 1.879000e+00
+1.715 1.896500e+00
+1.72 1.869800e+00
+1.725 1.780800e+00
+1.73 1.740700e+00
+1.735 1.615400e+00
+1.74 1.681800e+00
+1.745 1.548100e+00
+1.75 1.656600e+00
+1.755 1.530100e+00
+1.76 1.599800e+00
+1.765 1.328400e+00
+1.77 1.417200e+00
+1.775 1.148400e+00
+1.78 1.005000e+00
+1.785 7.698100e-01
+1.79 8.890400e-01
+1.795 4.693100e-01
+1.8 3.182800e-01
+1.805 1.481500e-01
+1.81 9.691100e-02
+1.815 3.281600e-02
+1.82 9.875500e-03
+1.825 1.274400e-02
+1.83 5.204100e-05
+1.835 6.419000e-05
+1.84 6.270300e-07
+1.845 6.265800e-05
+1.85 2.999300e-05
+1.855 2.839600e-06
+1.86 1.115100e-04
+1.865 1.698200e-04
+1.87 2.666200e-09
+1.875 4.513000e-09
+1.88 7.750500e-04
+1.885 4.389000e-04
+1.89 2.233300e-03
+1.895 1.294700e-03
+1.9 8.622100e-06
+1.905 5.666700e-06
+1.91 2.304500e-04
+1.915 1.994700e-04
+1.92 4.506900e-03
+1.925 9.361500e-03
+1.93 5.524200e-03
+1.935 3.593500e-02
+1.94 3.282100e-02
+1.945 1.086300e-01
+1.95 1.672700e-01
+1.955 1.003600e-01
+1.96 2.190600e-01
+1.965 2.856300e-01
+1.97 4.884700e-01
+1.975 6.785700e-01
+1.98 7.551200e-01
+1.985 8.306300e-01
+1.99 8.561300e-01
+1.995 8.119000e-01
+2 3.815600e-01
+2.005 1.500100e-01
+2.01 3.974800e-01
+2.015 2.664800e-01
+2.02 4.498100e-01
+2.025 7.401000e-01
+2.03 8.485600e-01
+2.035 9.638600e-01
+2.04 8.978100e-01
+2.045 9.107400e-01
+2.05 6.792700e-01
+2.055 5.490600e-01
+2.06 6.919300e-01
+2.065 6.187500e-01
+2.07 6.567600e-01
+2.075 7.744300e-01
+2.08 8.681200e-01
+2.085 8.510200e-01
+2.09 8.910000e-01
+2.095 8.974700e-01
+2.1 8.613300e-01
+2.105 9.315300e-01
+2.11 8.965400e-01
+2.115 9.167300e-01
+2.12 8.758800e-01
+2.125 8.863200e-01
+2.13 8.977400e-01
+2.135 9.004400e-01
+2.14 9.076700e-01
+2.145 8.948600e-01
+2.15 8.463900e-01
+2.155 8.484000e-01
+2.16 8.417000e-01
+2.165 7.631000e-01
+2.17 8.199600e-01
+2.175 8.044800e-01
+2.18 8.180800e-01
+2.185 7.455000e-01
+2.19 7.906800e-01
+2.195 7.899200e-01
+2.2 7.120200e-01
+2.205 7.401000e-01
+2.21 7.931500e-01
+2.215 7.627300e-01
+2.22 7.773000e-01
+2.225 7.545300e-01
+2.23 7.577300e-01
+2.235 7.429900e-01
+2.24 7.311800e-01
+2.245 7.083800e-01
+2.25 7.193700e-01
+2.255 6.769000e-01
+2.26 6.692900e-01
+2.265 6.813700e-01
+2.27 6.486700e-01
+2.275 6.402100e-01
+2.28 6.628800e-01
+2.285 6.308000e-01
+2.29 6.322000e-01
+2.295 6.126500e-01
+2.3 5.882400e-01
+2.305 5.917100e-01
+2.31 6.387000e-01
+2.315 5.814100e-01
+2.32 5.203100e-01
+2.325 5.621500e-01
+2.33 5.682400e-01
+2.335 5.796700e-01
+2.34 4.583600e-01
+2.345 5.140000e-01
+2.35 4.153600e-01
+2.355 4.747300e-01
+2.36 5.023700e-01
+2.365 4.940900e-01
+2.37 3.081700e-01
+2.375 4.414700e-01
+2.38 4.255200e-01
+2.385 3.082600e-01
+2.39 3.710900e-01
+2.395 4.059400e-01
+2.4 4.415000e-01
+2.405 3.359900e-01
+2.41 3.381300e-01
+2.415 2.730000e-01
+2.42 2.659000e-01
+2.425 3.307800e-01
+2.43 4.509900e-01
+2.435 1.487800e-01
+2.44 4.324900e-01
+2.445 2.079800e-01
+2.45 1.361100e-01
+2.455 2.485300e-01
+2.46 3.336300e-01
+2.465 2.414800e-01
+2.47 1.672700e-01
+2.475 1.645500e-01
+2.48 8.039500e-02
+2.485 5.610200e-02
+2.49 3.511300e-02
+2.495 2.877200e-02
+2.5 7.064200e-02
+2.505 1.519100e-02
+2.51 2.216300e-02
+2.515 5.188000e-03
+2.52 3.705400e-03
+2.525 4.139300e-04
+2.53 6.359300e-06
+2.535 1.750200e-06
+2.54 3.771600e-06
+2.545 5.375800e-10
+2.55 2.822200e-12
+2.555 1.043500e-08
+2.56 3.102000e-10
+2.565 1.595500e-13
+2.57 1.525800e-17
+2.575 1.078600e-26
+2.58 3.821400e-21
+2.585 1.719400e-33
+2.59 5.479300e-30
+2.595 2.283800e-32
+2.6 4.491200e-27
+2.605 5.805300e-34
+2.61 5.944700e-33
+2.615 1.119600e-36
+2.62 5.650500e-28
+2.625 3.868700e-27
+2.63 2.802600e-44
+2.635 3.902700e-15
+2.64 1.175000e-15
+2.645 8.998800e-18
+2.65 1.429500e-18
+2.655 1.313300e-26
+2.66 2.606800e-24
+2.665 1.112300e-36
+2.67 1.112300e-36
+2.675 1.112300e-36
+2.68 1.112300e-36
+2.685 1.112300e-36
+2.69 1.022600e-28
+2.695 7.128400e-32
+2.7 1.112300e-36
+2.705 2.931500e-41
+2.71 1.125000e-34
+2.715 3.855700e-25
+2.72 5.605200e-44
+2.725 7.293500e-21
+2.73 6.073400e-18
+2.735 5.488800e-20
+2.74 2.331400e-26
+2.745 1.314600e-22
+2.75 1.664800e-27
+2.755 6.726200e-43
+2.76 1.112300e-36
+2.765 2.677700e-26
+2.77 8.379100e-23
+2.775 3.999000e-37
+2.78 4.806700e-33
+2.785 3.886600e-26
+2.79 1.217000e-15
+2.795 3.620500e-15
+2.8 1.648400e-11
+2.805 6.747800e-13
+2.81 4.023300e-09
+2.815 2.868500e-09
+2.82 2.054800e-10
+2.825 1.760500e-06
+2.83 3.900800e-05
+2.835 2.127600e-09
+2.84 1.960900e-06
+2.845 4.057500e-04
+2.85 1.156600e-05
+2.855 4.486700e-06
+2.86 2.535600e-04
+2.865 1.676300e-03
+2.87 6.312900e-05
+2.875 3.917000e-03
+2.88 2.472400e-03
+2.885 4.533200e-03
+2.89 1.862300e-03
+2.895 2.664300e-02
+2.9 8.115200e-03
+2.905 1.109600e-03
+2.91 2.722000e-02
+2.915 1.258100e-02
+2.92 2.894800e-02
+2.925 1.083500e-02
+2.93 5.885800e-02
+2.935 6.490300e-02
+2.94 1.627300e-02
+2.945 1.448900e-02
+2.95 5.227600e-02
+2.955 2.336100e-02
+2.96 4.597100e-02
+2.965 7.437900e-02
+2.97 3.523300e-03
+2.975 8.542900e-03
+2.98 1.338100e-02
+2.985 6.962800e-02
+2.99 1.028000e-01
+2.995 4.275500e-02
+3 7.847200e-02
+3.005 2.890600e-02
+3.01 6.847900e-02
+3.015 5.555100e-02
+3.02 6.336900e-03
+3.025 7.503100e-02
+3.03 6.075300e-02
+3.035 2.498600e-02
+3.04 2.024200e-02
+3.045 4.209000e-02
+3.05 1.032100e-02
+3.055 2.894700e-03
+3.06 6.301200e-02
+3.065 2.911300e-02
+3.07 1.749200e-02
+3.075 6.022100e-02
+3.08 3.622400e-02
+3.085 1.767100e-02
+3.09 2.380500e-02
+3.095 6.551000e-03
+3.1 4.401000e-02
+3.105 9.215500e-03
+3.11 8.456900e-03
+3.115 2.267700e-02
+3.12 9.819700e-02
+3.125 3.028900e-02
+3.13 5.761400e-02
+3.135 1.144600e-01
+3.14 3.324100e-02
+3.145 3.251700e-02
+3.15 6.674400e-02
+3.155 5.636600e-02
+3.16 9.232000e-02
+3.165 1.401700e-01
+3.17 1.251600e-01
+3.175 9.230200e-02
+3.18 1.062100e-01
+3.185 8.082300e-02
+3.19 4.238800e-02
+3.195 2.692700e-02
+3.2 4.384300e-03
+3.205 3.097300e-03
+3.21 1.363400e-03
+3.215 4.975200e-03
+3.22 1.608900e-02
+3.225 1.987500e-03
+3.23 3.408000e-03
+3.235 7.294000e-02
+3.24 3.746400e-02
+3.245 7.340900e-03
+3.25 2.606700e-02
+3.255 9.937800e-02
+3.26 1.224800e-02
+3.265 2.446500e-02
+3.27 1.218600e-02
+3.275 5.926500e-02
+3.28 2.864400e-02
+3.285 1.112800e-01
+3.29 8.757100e-02
+3.295 1.223400e-02
+3.3 1.779400e-02
+3.305 3.941600e-02
+3.31 3.923500e-02
+3.315 1.613300e-04
+3.32 5.998700e-04
+3.325 3.518700e-02
+3.33 4.661600e-02
+3.335 9.069400e-02
+3.34 3.460200e-02
+3.345 3.540800e-02
+3.35 8.027700e-02
+3.355 3.630800e-02
+3.36 5.240200e-02
+3.365 7.190700e-02
+3.37 3.938900e-02
+3.375 8.456000e-02
+3.38 5.111500e-02
+3.385 7.489600e-02
+3.39 9.855200e-02
+3.395 9.546500e-02
+3.4 1.250900e-01
+3.405 4.459400e-02
+3.41 7.080200e-02
+3.415 7.277400e-02
+3.42 1.316500e-01
+3.425 1.000600e-01
+3.43 8.689200e-02
+3.435 1.155300e-01
+3.44 8.034800e-02
+3.445 1.131800e-01
+3.45 1.115300e-01
+3.455 8.308900e-02
+3.46 1.253000e-01
+3.465 9.817900e-02
+3.47 1.226400e-01
+3.475 1.094300e-01
+3.48 1.122400e-01
+3.485 1.209400e-01
+3.49 1.041900e-01
+3.495 1.226500e-01
+3.5 1.191700e-01
+3.505 1.180900e-01
+3.51 1.196300e-01
+3.515 1.149400e-01
+3.52 1.212200e-01
+3.525 1.142800e-01
+3.53 1.112700e-01
+3.535 9.455600e-02
+3.54 9.031000e-02
+3.545 9.543200e-02
+3.55 1.053800e-01
+3.555 9.058100e-02
+3.56 1.079500e-01
+3.565 1.085100e-01
+3.57 8.337600e-02
+3.575 8.644400e-02
+3.58 1.018700e-01
+3.585 9.167100e-02
+3.59 9.452300e-02
+3.595 9.670000e-02
+3.6 1.026200e-01
+3.605 1.035900e-01
+3.61 9.478700e-02
+3.615 9.472600e-02
+3.62 1.161400e-01
+3.625 1.023900e-01
+3.63 9.955000e-02
+3.635 1.029900e-01
+3.64 1.148000e-01
+3.645 1.059900e-01
+3.65 1.012300e-01
+3.655 1.097800e-01
+3.66 1.091400e-01
+3.665 1.025300e-01
+3.67 7.900300e-02
+3.675 4.828600e-02
+3.68 8.331200e-02
+3.685 9.438000e-02
+3.69 9.692200e-02
+3.695 1.013200e-01
+3.7 1.087800e-01
+3.705 1.077000e-01
+3.71 9.364000e-02
+3.715 9.225400e-02
+3.72 1.037600e-01
+3.725 1.069800e-01
+3.73 9.270700e-02
+3.735 8.583700e-02
+3.74 8.849400e-02
+3.745 1.033100e-01
+3.75 9.290300e-02
+3.755 8.991800e-02
+3.76 8.863300e-02
+3.765 8.550200e-02
+3.77 9.124300e-02
+3.775 9.052100e-02
+3.78 9.574600e-02
+3.785 8.812300e-02
+3.79 7.756400e-02
+3.795 8.869200e-02
+3.8 9.859200e-02
+3.805 9.304900e-02
+3.81 8.245100e-02
+3.815 7.756900e-02
+3.82 9.655000e-02
+3.825 9.505600e-02
+3.83 9.592500e-02
+3.835 7.691600e-02
+3.84 8.975600e-02
+3.845 8.780100e-02
+3.85 8.827400e-02
+3.855 8.508500e-02
+3.86 7.994000e-02
+3.865 8.098900e-02
+3.87 7.360400e-02
+3.875 6.762000e-02
+3.88 6.534000e-02
+3.885 6.771700e-02
+3.89 6.881800e-02
+3.895 7.476000e-02
+3.9 7.925400e-02
+3.905 7.926900e-02
+3.91 7.135300e-02
+3.915 6.986800e-02
+3.92 6.946600e-02
+3.925 6.852000e-02
+3.93 7.050200e-02
+3.935 7.354100e-02
+3.94 7.402700e-02
+3.945 7.541200e-02
+3.95 7.627700e-02
+3.955 7.719900e-02
+3.96 7.748200e-02
+3.965 7.805700e-02
+3.97 7.680600e-02
+3.975 7.509700e-02
+3.98 7.387200e-02
+3.985 7.432700e-02
+3.99 7.372300e-02
+3.995 7.210000e-02
+4 7.104300e-02
